0 213.059
8 212.964
16 212.869
24 212.773
32 212.678
40 212.583
48 212.488
56 212.393
64 212.298
72 212.202
80 212.107
88 212.012
96 211.917
104 211.822
112 211.726
120 211.631
128 211.536
136 211.441
144 211.346
152 211.251
160 211.155
168 211.06
176 210.965
184 210.87
192 210.775
200 210.68
208 210.584
216 210.489
224 210.394
232 210.299
240 210.204
248 210.109
256 210.014
264 209.918
272 209.823
280 209.728
288 209.633
296 209.538
304 209.443
312 209.348
320 209.253
328 209.158
336 209.062
344 208.967
352 208.872
360 208.777
368 208.682
376 208.587
384 208.492
392 208.397
400 208.302
408 208.207
416 208.112
424 208.017
432 207.922
440 207.827
448 207.732
456 207.637
464 207.542
472 207.447
480 207.352
488 207.257
496 207.162
504 207.067
512 206.972
520 206.877
528 206.782
536 206.687
544 206.592
552 206.497
560 206.402
568 206.307
576 206.212
584 206.118
592 206.023
600 205.928
608 205.833
616 205.738
624 205.643
632 205.548
640 205.454
648 205.359
656 205.264
664 205.169
672 205.074
680 204.98
688 204.885
696 204.79
704 204.695
712 204.601
720 204.506
728 204.411
736 204.316
744 204.222
752 204.127
760 204.032
768 203.938
776 203.843
784 203.748
792 203.654
800 203.559
808 203.464
816 203.37
824 203.275
832 203.181
840 203.086
848 202.992
856 202.897
864 202.803
872 202.708
880 202.614
888 202.519
896 202.425
904 202.33
912 202.236
920 202.141
928 202.047
936 201.952
944 201.858
952 201.764
960 201.669
968 201.575
976 201.481
984 201.386
992 201.292
1000 201.198
1008 201.103
1016 201.009
1024 200.915
1032 200.821
1040 200.726
1048 200.632
1056 200.538
1064 200.444
1072 200.35
1080 200.255
1088 200.161
1096 200.067
1104 199.973
1112 199.879
1120 199.785
1128 199.691
1136 199.597
1144 199.503
1152 199.409
1160 199.315
1168 199.221
1176 199.127
1184 199.033
1192 198.939
1200 198.845
1208 198.751
1216 198.657
1224 198.563
1232 198.47
1240 198.376
1248 198.282
1256 198.188
1264 198.094
1272 198.001
1280 197.907
1288 197.813
1296 197.72
1304 197.626
1312 197.532
1320 197.439
1328 197.345
1336 197.251
1344 197.158
1352 197.064
1360 196.971
1368 196.877
1376 196.784
1384 196.69
1392 196.597
1400 196.503
1408 196.41
1416 196.317
1424 196.223
1432 196.13
1440 196.037
1448 195.943
1456 195.85
1464 195.757
1472 195.663
1480 195.57
1488 195.477
1496 195.384
1504 195.291
1512 195.197
1520 195.104
1528 195.011
1536 194.918
1544 194.825
1552 194.732
1560 194.639
1568 194.546
1576 194.453
1584 194.36
1592 194.267
1600 194.174
1608 194.081
1616 193.989
1624 193.896
1632 193.803
1640 193.71
1648 193.617
1656 193.525
1664 193.432
1672 193.339
1680 193.247
1688 193.154
1696 193.061
1704 192.969
1712 192.876
1720 192.784
1728 192.691
1736 192.599
1744 192.506
1752 192.414
1760 192.321
1768 192.229
1776 192.137
1784 192.044
1792 191.952
1800 191.86
1808 191.767
1816 191.675
1824 191.583
1832 191.491
1840 191.399
1848 191.306
1856 191.214
1864 191.122
1872 191.03
1880 190.938
1888 190.846
1896 190.754
1904 190.662
1912 190.57
1920 190.478
1928 190.387
1936 190.295
1944 190.203
1952 190.111
1960 190.019
1968 189.928
1976 189.836
1984 189.744
1992 189.653
2000 189.561
2008 189.47
2016 189.378
2024 189.287
2032 189.195
2040 189.104
2048 189.012
2056 188.921
2064 188.829
2072 188.738
2080 188.647
2088 188.555
2096 188.464
2104 188.373
2112 188.282
2120 188.191
2128 188.099
2136 188.008
2144 187.917
2152 187.826
2160 187.735
2168 187.644
2176 187.553
2184 187.462
2192 187.372
2200 187.281
2208 187.19
2216 187.099
2224 187.008
2232 186.918
2240 186.827
2248 186.736
2256 186.646
2264 186.555
2272 186.464
2280 186.374
2288 186.283
2296 186.193
2304 186.103
2312 186.012
2320 185.922
2328 185.831
2336 185.741
2344 185.651
2352 185.561
2360 185.47
2368 185.38
2376 185.29
2384 185.2
2392 185.11
2400 185.02
2408 184.93
2416 184.84
2424 184.75
2432 184.66
2440 184.57
2448 184.481
2456 184.391
2464 184.301
2472 184.211
2480 184.122
2488 184.032
2496 183.942
2504 183.853
2512 183.763
2520 183.674
2528 183.584
2536 183.495
2544 183.406
2552 183.316
2560 183.227
2568 183.138
2576 183.048
2584 182.959
2592 182.87
2600 182.781
2608 182.692
2616 182.603
2624 182.514
2632 182.425
2640 182.336
2648 182.247
2656 182.158
2664 182.069
2672 181.981
2680 181.892
2688 181.803
2696 181.714
2704 181.626
2712 181.537
2720 181.449
2728 181.36
2736 181.272
2744 181.183
2752 181.095
2760 181.006
2768 180.918
2776 180.83
2784 180.742
2792 180.653
2800 180.565
2808 180.477
2816 180.389
2824 180.301
2832 180.213
2840 180.125
2848 180.037
2856 179.949
2864 179.862
2872 179.774
2880 179.686
2888 179.598
2896 179.511
2904 179.423
2912 179.335
2920 179.248
2928 179.16
2936 179.073
2944 178.986
2952 178.898
2960 178.811
2968 178.724
2976 178.636
2984 178.549
2992 178.462
3000 178.375
3008 178.288
3016 178.201
3024 178.114
3032 178.027
3040 177.94
3048 177.853
3056 177.766
3064 177.679
3072 177.593
3080 177.506
3088 177.419
3096 177.333
3104 177.246
3112 177.16
3120 177.073
3128 176.987
3136 176.901
3144 176.814
3152 176.728
3160 176.642
3168 176.556
3176 176.47
3184 176.383
3192 176.297
3200 176.211
3208 176.125
3216 176.04
3224 175.954
3232 175.868
3240 175.782
3248 175.696
3256 175.611
3264 175.525
3272 175.439
3280 175.354
3288 175.268
3296 175.183
3304 175.098
3312 175.012
3320 174.927
3328 174.842
3336 174.757
3344 174.671
3352 174.586
3360 174.501
3368 174.416
3376 174.331
3384 174.246
3392 174.162
3400 174.077
3408 173.992
3416 173.907
3424 173.823
3432 173.738
3440 173.653
3448 173.569
3456 173.484
3464 173.4
3472 173.316
3480 173.231
3488 173.147
3496 173.063
3504 172.979
3512 172.895
3520 172.811
3528 172.727
3536 172.643
3544 172.559
3552 172.475
3560 172.391
3568 172.307
3576 172.224
3584 172.14
3592 172.056
3600 171.973
3608 171.889
3616 171.806
3624 171.722
3632 171.639
3640 171.556
3648 171.472
3656 171.389
3664 171.306
3672 171.223
3680 171.14
3688 171.057
3696 170.974
3704 170.891
3712 170.808
3720 170.726
3728 170.643
3736 170.56
3744 170.478
3752 170.395
3760 170.313
3768 170.23
3776 170.148
3784 170.066
3792 169.983
3800 169.901
3808 169.819
3816 169.737
3824 169.655
3832 169.573
3840 169.491
3848 169.409
3856 169.327
3864 169.245
3872 169.164
3880 169.082
3888 169
3896 168.919
3904 168.837
3912 168.756
3920 168.674
3928 168.593
3936 168.512
3944 168.431
3952 168.349
3960 168.268
3968 168.187
3976 168.106
3984 168.025
3992 167.944
4000 167.864
4008 167.783
4016 167.702
4024 167.622
4032 167.541
4040 167.46
4048 167.38
4056 167.3
4064 167.219
4072 167.139
4080 167.059
4088 166.978
4096 166.898
4104 166.818
4112 166.738
4120 166.658
4128 166.578
4136 166.499
4144 166.419
4152 166.339
4160 166.26
4168 166.18
4176 166.1
4184 166.021
4192 165.942
4200 165.862
4208 165.783
4216 165.704
4224 165.625
4232 165.545
4240 165.466
4248 165.387
4256 165.309
4264 165.23
4272 165.151
4280 165.072
4288 164.994
4296 164.915
4304 164.836
4312 164.758
4320 164.679
4328 164.601
4336 164.523
4344 164.445
4352 164.366
4360 164.288
4368 164.21
4376 164.132
4384 164.054
4392 163.976
4400 163.899
4408 163.821
4416 163.743
4424 163.666
4432 163.588
4440 163.511
4448 163.433
4456 163.356
4464 163.279
4472 163.201
4480 163.124
4488 163.047
4496 162.97
4504 162.893
4512 162.816
4520 162.739
4528 162.663
4536 162.586
4544 162.509
4552 162.433
4560 162.356
4568 162.28
4576 162.203
4584 162.127
4592 162.051
4600 161.975
4608 161.899
4616 161.823
4624 161.747
4632 161.671
4640 161.595
4648 161.519
4656 161.443
4664 161.368
4672 161.292
4680 161.217
4688 161.141
4696 161.066
4704 160.99
4712 160.915
4720 160.84
4728 160.765
4736 160.69
4744 160.615
4752 160.54
4760 160.465
4768 160.39
4776 160.316
4784 160.241
4792 160.167
4800 160.092
4808 160.018
4816 159.943
4824 159.869
4832 159.795
4840 159.721
4848 159.647
4856 159.573
4864 159.499
4872 159.425
4880 159.351
4888 159.277
4896 159.204
4904 159.13
4912 159.057
4920 158.983
4928 158.91
4936 158.836
4944 158.763
4952 158.69
4960 158.617
4968 158.544
4976 158.471
4984 158.398
4992 158.325
5000 158.253
5008 158.18
5016 158.107
5024 158.035
5032 157.963
5040 157.89
5048 157.818
5056 157.746
5064 157.674
5072 157.601
5080 157.529
5088 157.458
5096 157.386
5104 157.314
5112 157.242
5120 157.171
5128 157.099
5136 157.028
5144 156.956
5152 156.885
5160 156.814
5168 156.742
5176 156.671
5184 156.6
5192 156.529
5200 156.458
5208 156.388
5216 156.317
5224 156.246
5232 156.176
5240 156.105
5248 156.035
5256 155.964
5264 155.894
5272 155.824
5280 155.754
5288 155.684
5296 155.614
5304 155.544
5312 155.474
5320 155.404
5328 155.334
5336 155.265
5344 155.195
5352 155.126
5360 155.056
5368 154.987
5376 154.918
5384 154.849
5392 154.78
5400 154.711
5408 154.642
5416 154.573
5424 154.504
5432 154.436
5440 154.367
5448 154.299
5456 154.23
5464 154.162
5472 154.093
5480 154.025
5488 153.957
5496 153.889
5504 153.821
5512 153.753
5520 153.685
5528 153.618
5536 153.55
5544 153.483
5552 153.415
5560 153.348
5568 153.28
5576 153.213
5584 153.146
5592 153.079
5600 153.012
5608 152.945
5616 152.878
5624 152.811
5632 152.745
5640 152.678
5648 152.612
5656 152.545
5664 152.479
5672 152.412
5680 152.346
5688 152.28
5696 152.214
5704 152.148
5712 152.082
5720 152.017
5728 151.951
5736 151.885
5744 151.82
5752 151.754
5760 151.689
5768 151.624
5776 151.558
5784 151.493
5792 151.428
5800 151.363
5808 151.298
5816 151.234
5824 151.169
5832 151.104
5840 151.04
5848 150.975
5856 150.911
5864 150.847
5872 150.783
5880 150.718
5888 150.654
5896 150.59
5904 150.527
5912 150.463
5920 150.399
5928 150.336
5936 150.272
5944 150.209
5952 150.145
5960 150.082
5968 150.019
5976 149.956
5984 149.893
5992 149.83
6000 149.767
6008 149.704
6016 149.642
6024 149.579
6032 149.517
6040 149.454
6048 149.392
6056 149.33
6064 149.268
6072 149.205
6080 149.144
6088 149.082
6096 149.02
6104 148.958
6112 148.897
6120 148.835
6128 148.774
6136 148.712
6144 148.651
6152 148.59
6160 148.529
6168 148.468
6176 148.407
6184 148.346
6192 148.285
6200 148.225
6208 148.164
6216 148.104
6224 148.043
6232 147.983
6240 147.923
6248 147.863
6256 147.803
6264 147.743
6272 147.683
6280 147.623
6288 147.564
6296 147.504
6304 147.445
6312 147.385
6320 147.326
6328 147.267
6336 147.208
6344 147.149
6352 147.09
6360 147.031
6368 146.972
6376 146.914
6384 146.855
6392 146.797
6400 146.738
6408 146.68
6416 146.622
6424 146.564
6432 146.506
6440 146.448
6448 146.39
6456 146.332
6464 146.275
6472 146.217
6480 146.16
6488 146.102
6496 146.045
6504 145.988
6512 145.931
6520 145.874
6528 145.817
6536 145.76
6544 145.704
6552 145.647
6560 145.59
6568 145.534
6576 145.478
6584 145.422
6592 145.365
6600 145.309
6608 145.253
6616 145.198
6624 145.142
6632 145.086
6640 145.031
6648 144.975
6656 144.92
6664 144.865
6672 144.809
6680 144.754
6688 144.699
6696 144.644
6704 144.59
6712 144.535
6720 144.48
6728 144.426
6736 144.372
6744 144.317
6752 144.263
6760 144.209
6768 144.155
6776 144.101
6784 144.047
6792 143.994
6800 143.94
6808 143.886
6816 143.833
6824 143.78
6832 143.726
6840 143.673
6848 143.62
6856 143.567
6864 143.515
6872 143.462
6880 143.409
6888 143.357
6896 143.304
6904 143.252
6912 143.2
6920 143.147
6928 143.095
6936 143.044
6944 142.992
6952 142.94
6960 142.888
6968 142.837
6976 142.785
6984 142.734
6992 142.683
7000 142.632
7008 142.581
7016 142.53
7024 142.479
7032 142.428
7040 142.378
7048 142.327
7056 142.277
7064 142.226
7072 142.176
7080 142.126
7088 142.076
7096 142.026
7104 141.976
7112 141.926
7120 141.877
7128 141.827
7136 141.778
7144 141.729
7152 141.679
7160 141.63
7168 141.581
7176 141.532
7184 141.484
7192 141.435
7200 141.386
7208 141.338
7216 141.29
7224 141.241
7232 141.193
7240 141.145
7248 141.097
7256 141.049
7264 141.002
7272 140.954
7280 140.906
7288 140.859
7296 140.812
7304 140.764
7312 140.717
7320 140.67
7328 140.623
7336 140.577
7344 140.53
7352 140.483
7360 140.437
7368 140.39
7376 140.344
7384 140.298
7392 140.252
7400 140.206
7408 140.16
7416 140.114
7424 140.069
7432 140.023
7440 139.978
7448 139.933
7456 139.887
7464 139.842
7472 139.797
7480 139.752
7488 139.708
7496 139.663
7504 139.618
7512 139.574
7520 139.53
7528 139.485
7536 139.441
7544 139.397
7552 139.353
7560 139.31
7568 139.266
7576 139.222
7584 139.179
7592 139.135
7600 139.092
7608 139.049
7616 139.006
7624 138.963
7632 138.92
7640 138.878
7648 138.835
7656 138.793
7664 138.75
7672 138.708
7680 138.666
7688 138.624
7696 138.582
7704 138.54
7712 138.498
7720 138.457
7728 138.415
7736 138.374
7744 138.333
7752 138.291
7760 138.25
7768 138.209
7776 138.169
7784 138.128
7792 138.087
7800 138.047
7808 138.006
7816 137.966
7824 137.926
7832 137.886
7840 137.846
7848 137.806
7856 137.767
7864 137.727
7872 137.688
7880 137.648
7888 137.609
7896 137.57
7904 137.531
7912 137.492
7920 137.453
7928 137.415
7936 137.376
7944 137.338
7952 137.299
7960 137.261
7968 137.223
7976 137.185
7984 137.147
7992 137.109
8000 137.072
8008 137.034
8016 136.997
8024 136.959
8032 136.922
8040 136.885
8048 136.848
8056 136.811
8064 136.775
8072 136.738
8080 136.702
8088 136.665
8096 136.629
8104 136.593
8112 136.557
8120 136.521
8128 136.485
8136 136.45
8144 136.414
8152 136.379
8160 136.343
8168 136.308
8176 136.273
8184 136.238
8192 136.203
8200 136.169
8208 136.134
8216 136.099
8224 136.065
8232 136.031
8240 135.997
8248 135.963
8256 135.929
8264 135.895
8272 135.861
8280 135.828
8288 135.794
8296 135.761
8304 135.728
8312 135.695
8320 135.662
8328 135.629
8336 135.596
8344 135.564
8352 135.531
8360 135.499
8368 135.467
8376 135.435
8384 135.403
8392 135.371
8400 135.339
8408 135.308
8416 135.276
8424 135.245
8432 135.213
8440 135.182
8448 135.151
8456 135.12
8464 135.09
8472 135.059
8480 135.029
8488 134.998
8496 134.968
8504 134.938
8512 134.908
8520 134.878
8528 134.848
8536 134.818
8544 134.789
8552 134.759
8560 134.73
8568 134.701
8576 134.672
8584 134.643
8592 134.614
8600 134.585
8608 134.557
8616 134.528
8624 134.5
8632 134.472
8640 134.444
8648 134.416
8656 134.388
8664 134.361
8672 134.333
8680 134.306
8688 134.278
8696 134.251
8704 134.224
8712 134.197
8720 134.17
8728 134.144
8736 134.117
8744 134.091
8752 134.064
8760 134.038
8768 134.012
8776 133.986
8784 133.96
8792 133.935
8800 133.909
8808 133.884
8816 133.858
8824 133.833
8832 133.808
8840 133.783
8848 133.759
8856 133.734
8864 133.709
8872 133.685
8880 133.661
8888 133.637
8896 133.613
8904 133.589
8912 133.565
8920 133.541
8928 133.518
8936 133.494
8944 133.471
8952 133.448
8960 133.425
8968 133.402
8976 133.379
8984 133.357
8992 133.334
9000 133.312
9008 133.29
9016 133.268
9024 133.246
9032 133.224
9040 133.202
9048 133.181
9056 133.159
9064 133.138
9072 133.117
9080 133.096
9088 133.075
9096 133.054
9104 133.034
9112 133.013
9120 132.993
9128 132.972
9136 132.952
9144 132.932
9152 132.912
9160 132.893
9168 132.873
9176 132.854
9184 132.834
9192 132.815
9200 132.796
9208 132.777
9216 132.758
9224 132.74
9232 132.721
9240 132.703
9248 132.684
9256 132.666
9264 132.648
9272 132.63
9280 132.613
9288 132.595
9296 132.578
9304 132.56
9312 132.543
9320 132.526
9328 132.509
9336 132.492
9344 132.476
9352 132.459
9360 132.443
9368 132.426
9376 132.41
9384 132.394
9392 132.378
9400 132.363
9408 132.347
9416 132.332
9424 132.316
9432 132.301
9440 132.286
9448 132.271
9456 132.257
9464 132.242
9472 132.227
9480 132.213
9488 132.199
9496 132.185
9504 132.171
9512 132.157
9520 132.143
9528 132.13
9536 132.116
9544 132.103
9552 132.09
9560 132.077
9568 132.064
9576 132.051
9584 132.038
9592 132.026
9600 132.014
9608 132.001
9616 131.989
9624 131.977
9632 131.965
9640 131.954
9648 131.942
9656 131.931
9664 131.919
9672 131.908
9680 131.897
9688 131.886
9696 131.875
9704 131.865
9712 131.854
9720 131.844
9728 131.833
9736 131.823
9744 131.813
9752 131.803
9760 131.793
9768 131.784
9776 131.774
9784 131.765
9792 131.755
9800 131.746
9808 131.737
9816 131.728
9824 131.72
9832 131.711
9840 131.702
9848 131.694
9856 131.686
9864 131.677
9872 131.669
9880 131.662
9888 131.654
9896 131.646
9904 131.639
9912 131.631
9920 131.624
9928 131.617
9936 131.61
9944 131.603
9952 131.596
9960 131.589
9968 131.583
9976 131.576
9984 131.57
9992 131.564
10000 131.558
10008 131.552
10016 131.546
10024 131.54
10032 131.534
10040 131.529
10048 131.524
10056 131.518
10064 131.513
10072 131.508
10080 131.503
10088 131.498
10096 131.494
10104 131.489
10112 131.485
10120 131.481
10128 131.476
10136 131.472
10144 131.468
10152 131.465
10160 131.461
10168 131.457
10176 131.454
10184 131.45
10192 131.447
10200 131.444
10208 131.441
10216 131.438
10224 131.435
10232 131.433
10240 131.43
10248 131.428
10256 131.425
10264 131.423
10272 131.421
10280 131.419
10288 131.417
10296 131.415
10304 131.414
10312 131.412
10320 131.411
10328 131.409
10336 131.408
10344 131.407
10352 131.406
10360 131.405
10368 131.404
10376 131.404
10384 131.403
10392 131.403
10400 131.402
10408 131.402
10416 131.402
10424 131.402
10432 131.402
10440 131.402
10448 131.403
10456 131.403
10464 131.404
10472 131.404
10480 131.405
10488 131.406
10496 131.407
10504 131.408
10512 131.409
10520 131.411
10528 131.412
10536 131.414
10544 131.415
10552 131.417
10560 131.419
10568 131.421
10576 131.423
10584 131.425
10592 131.427
10600 131.429
10608 131.432
10616 131.434
10624 131.437
10632 131.44
10640 131.443
10648 131.446
10656 131.449
10664 131.452
10672 131.455
10680 131.459
10688 131.462
10696 131.466
10704 131.469
10712 131.473
10720 131.477
10728 131.481
10736 131.485
10744 131.489
10752 131.494
10760 131.498
10768 131.503
10776 131.507
10784 131.512
10792 131.517
10800 131.522
10808 131.527
10816 131.532
10824 131.537
10832 131.542
10840 131.548
10848 131.553
10856 131.559
10864 131.565
10872 131.57
10880 131.576
10888 131.582
10896 131.588
10904 131.594
10912 131.601
10920 131.607
10928 131.614
10936 131.62
10944 131.627
10952 131.633
10960 131.64
10968 131.647
10976 131.654
10984 131.661
10992 131.669
11000 131.676
11008 131.683
11016 131.691
11024 131.698
11032 131.706
11040 131.714
11048 131.722
11056 131.73
11064 131.738
11072 131.746
11080 131.754
11088 131.763
11096 131.771
11104 131.78
11112 131.788
11120 131.797
11128 131.806
11136 131.815
11144 131.824
11152 131.833
11160 131.842
11168 131.851
11176 131.86
11184 131.87
11192 131.879
11200 131.889
11208 131.899
11216 131.908
11224 131.918
11232 131.928
11240 131.938
11248 131.948
11256 131.958
11264 131.969
11272 131.979
11280 131.99
11288 132
11296 132.011
11304 132.022
11312 132.032
11320 132.043
11328 132.054
11336 132.065
11344 132.077
11352 132.088
11360 132.099
11368 132.111
11376 132.122
11384 132.134
11392 132.145
11400 132.157
11408 132.169
11416 132.181
11424 132.193
11432 132.205
11440 132.217
11448 132.229
11456 132.242
11464 132.254
11472 132.266
11480 132.279
11488 132.292
11496 132.304
11504 132.317
11512 132.33
11520 132.343
11528 132.356
11536 132.369
11544 132.382
11552 132.396
11560 132.409
11568 132.423
11576 132.436
11584 132.45
11592 132.463
11600 132.477
11608 132.491
11616 132.505
11624 132.519
11632 132.533
11640 132.547
11648 132.561
11656 132.576
11664 132.59
11672 132.605
11680 132.619
11688 132.634
11696 132.648
11704 132.663
11712 132.678
11720 132.693
11728 132.708
11736 132.723
11744 132.738
11752 132.753
11760 132.768
11768 132.784
11776 132.799
11784 132.815
11792 132.83
11800 132.846
11808 132.862
11816 132.877
11824 132.893
11832 132.909
11840 132.925
11848 132.941
11856 132.958
11864 132.974
11872 132.99
11880 133.006
11888 133.023
11896 133.039
11904 133.056
11912 133.073
11920 133.089
11928 133.106
11936 133.123
11944 133.14
11952 133.157
11960 133.174
11968 133.191
11976 133.208
11984 133.225
11992 133.243
12000 133.26
12008 133.278
12016 133.295
12024 133.313
12032 133.33
12040 133.348
12048 133.366
12056 133.384
12064 133.402
12072 133.42
12080 133.438
12088 133.456
12096 133.474
12104 133.492
12112 133.511
12120 133.529
12128 133.547
12136 133.566
12144 133.585
12152 133.603
12160 133.622
12168 133.641
12176 133.659
12184 133.678
12192 133.697
12200 133.716
12208 133.735
12216 133.754
12224 133.774
12232 133.793
12240 133.812
12248 133.832
12256 133.851
12264 133.871
12272 133.89
12280 133.91
12288 133.929
12296 133.949
12304 133.969
12312 133.989
12320 134.009
12328 134.029
12336 134.049
12344 134.069
12352 134.089
12360 134.109
12368 134.129
12376 134.15
12384 134.17
12392 134.191
12400 134.211
12408 134.232
12416 134.252
12424 134.273
12432 134.294
12440 134.314
12448 134.335
12456 134.356
12464 134.377
12472 134.398
12480 134.419
12488 134.44
12496 134.461
12504 134.483
12512 134.504
12520 134.525
12528 134.547
12536 134.568
12544 134.59
12552 134.611
12560 134.633
12568 134.654
12576 134.676
12584 134.698
12592 134.719
12600 134.741
12608 134.763
12616 134.785
12624 134.807
12632 134.829
12640 134.851
12648 134.873
12656 134.896
12664 134.918
12672 134.94
12680 134.963
12688 134.985
12696 135.007
12704 135.03
12712 135.052
12720 135.075
12728 135.098
12736 135.12
12744 135.143
12752 135.166
12760 135.189
12768 135.212
12776 135.235
12784 135.258
12792 135.281
12800 135.304
12808 135.327
12816 135.35
12824 135.373
12832 135.396
12840 135.42
12848 135.443
12856 135.466
12864 135.49
12872 135.513
12880 135.537
12888 135.56
12896 135.584
12904 135.608
12912 135.631
12920 135.655
12928 135.679
12936 135.703
12944 135.726
12952 135.75
12960 135.774
12968 135.798
12976 135.822
12984 135.846
12992 135.87
13000 135.895
13008 135.919
13016 135.943
13024 135.967
13032 135.992
13040 136.016
13048 136.04
13056 136.065
13064 136.089
13072 136.114
13080 136.138
13088 136.163
13096 136.187
13104 136.212
13112 136.237
13120 136.262
13128 136.286
13136 136.311
13144 136.336
13152 136.361
13160 136.386
13168 136.411
13176 136.436
13184 136.461
13192 136.486
13200 136.511
13208 136.536
13216 136.561
13224 136.586
13232 136.612
13240 136.637
13248 136.662
13256 136.688
13264 136.713
13272 136.738
13280 136.764
13288 136.789
13296 136.815
13304 136.84
13312 136.866
13320 136.892
13328 136.917
13336 136.943
13344 136.969
13352 136.994
13360 137.02
13368 137.046
13376 137.072
13384 137.098
13392 137.123
13400 137.149
13408 137.175
13416 137.201
13424 137.227
13432 137.253
13440 137.279
13448 137.305
13456 137.332
13464 137.358
13472 137.384
13480 137.41
13488 137.436
13496 137.463
13504 137.489
13512 137.515
13520 137.542
13528 137.568
13536 137.594
13544 137.621
13552 137.647
13560 137.674
13568 137.7
13576 137.727
13584 137.753
13592 137.78
13600 137.807
13608 137.833
13616 137.86
13624 137.886
13632 137.913
13640 137.94
13648 137.967
13656 137.993
13664 138.02
13672 138.047
13680 138.074
13688 138.101
13696 138.128
13704 138.155
13712 138.181
13720 138.208
13728 138.235
13736 138.262
13744 138.289
13752 138.316
13760 138.344
13768 138.371
13776 138.398
13784 138.425
13792 138.452
13800 138.479
13808 138.506
13816 138.533
13824 138.561
13832 138.588
13840 138.615
13848 138.642
13856 138.67
13864 138.697
13872 138.724
13880 138.752
13888 138.779
13896 138.806
13904 138.834
13912 138.861
13920 138.889
13928 138.916
13936 138.944
13944 138.971
13952 138.999
13960 139.026
13968 139.054
13976 139.081
13984 139.109
13992 139.136
14000 139.164
14008 139.191
14016 139.219
14024 139.247
14032 139.274
14040 139.302
14048 139.33
14056 139.357
14064 139.385
14072 139.413
14080 139.44
14088 139.468
14096 139.496
14104 139.524
14112 139.551
14120 139.579
14128 139.607
14136 139.635
14144 139.662
14152 139.69
14160 139.718
14168 139.746
14176 139.774
14184 139.802
14192 139.829
14200 139.857
14208 139.885
14216 139.913
14224 139.941
14232 139.969
14240 139.997
14248 140.025
14256 140.053
14264 140.08
14272 140.108
14280 140.136
14288 140.164
14296 140.192
14304 140.22
14312 140.248
14320 140.276
14328 140.304
14336 140.332
14344 140.36
14352 140.388
14360 140.416
14368 140.444
14376 140.472
14384 140.5
14392 140.528
14400 140.556
14408 140.584
14416 140.612
14424 140.64
14432 140.668
14440 140.696
14448 140.724
14456 140.752
14464 140.78
14472 140.808
14480 140.837
14488 140.865
14496 140.893
14504 140.921
14512 140.949
14520 140.977
14528 141.005
14536 141.033
14544 141.061
14552 141.089
14560 141.117
14568 141.145
14576 141.173
14584 141.201
14592 141.229
14600 141.257
14608 141.285
14616 141.313
14624 141.341
14632 141.369
14640 141.397
14648 141.425
14656 141.453
14664 141.481
14672 141.509
14680 141.537
14688 141.565
14696 141.593
14704 141.621
14712 141.649
14720 141.677
14728 141.705
14736 141.733
14744 141.761
14752 141.789
14760 141.817
14768 141.845
14776 141.873
14784 141.901
14792 141.929
14800 141.957
14808 141.985
14816 142.013
14824 142.041
14832 142.069
14840 142.097
14848 142.124
14856 142.152
14864 142.18
14872 142.208
14880 142.236
14888 142.264
14896 142.292
14904 142.319
14912 142.347
14920 142.375
14928 142.403
14936 142.431
14944 142.458
14952 142.486
14960 142.514
14968 142.542
14976 142.569
14984 142.597
14992 142.625
15000 142.652
15008 142.68
15016 142.708
15024 142.735
15032 142.763
15040 142.791
15048 142.818
15056 142.846
15064 142.873
15072 142.901
15080 142.929
15088 142.956
15096 142.984
15104 143.011
15112 143.039
15120 143.066
15128 143.094
15136 143.121
15144 143.148
15152 143.176
15160 143.203
15168 143.231
15176 143.258
15184 143.285
15192 143.313
15200 143.34
15208 143.367
15216 143.394
15224 143.422
15232 143.449
15240 143.476
15248 143.503
15256 143.531
15264 143.558
15272 143.585
15280 143.612
15288 143.639
15296 143.666
15304 143.693
15312 143.72
15320 143.747
15328 143.774
15336 143.801
15344 143.828
15352 143.855
15360 143.882
15368 143.909
15376 143.936
15384 143.963
15392 143.989
15400 144.016
15408 144.043
15416 144.07
15424 144.096
15432 144.123
15440 144.15
15448 144.176
15456 144.203
15464 144.23
15472 144.256
15480 144.283
15488 144.309
15496 144.336
15504 144.362
15512 144.389
15520 144.415
15528 144.442
15536 144.468
15544 144.494
15552 144.521
15560 144.547
15568 144.573
15576 144.599
15584 144.626
15592 144.652
15600 144.678
15608 144.704
15616 144.73
15624 144.756
15632 144.782
15640 144.808
15648 144.834
15656 144.86
15664 144.886
15672 144.912
15680 144.938
15688 144.964
15696 144.99
15704 145.015
15712 145.041
15720 145.067
15728 145.092
15736 145.118
15744 145.144
15752 145.169
15760 145.195
15768 145.22
15776 145.246
15784 145.271
15792 145.297
15800 145.322
15808 145.347
15816 145.373
15824 145.398
15832 145.423
15840 145.448
15848 145.474
15856 145.499
15864 145.524
15872 145.549
15880 145.574
15888 145.599
15896 145.624
15904 145.649
15912 145.674
15920 145.699
15928 145.723
15936 145.748
15944 145.773
15952 145.798
15960 145.822
15968 145.847
15976 145.871
15984 145.896
15992 145.92
16000 145.945
16008 145.969
16016 145.994
16024 146.018
16032 146.042
16040 146.067
16048 146.091
16056 146.115
16064 146.139
16072 146.163
16080 146.187
16088 146.211
16096 146.235
16104 146.259
16112 146.283
16120 146.307
16128 146.331
16136 146.355
16144 146.378
16152 146.402
16160 146.426
16168 146.449
16176 146.473
16184 146.496
16192 146.52
16200 146.543
16208 146.567
16216 146.59
16224 146.613
16232 146.637
16240 146.66
16248 146.683
16256 146.706
16264 146.729
16272 146.752
16280 146.775
16288 146.798
16296 146.821
16304 146.844
16312 146.867
16320 146.889
16328 146.912
16336 146.935
16344 146.957
16352 146.98
16360 147.002
16368 147.025
16376 147.047
16384 147.069
16392 147.092
16400 147.114
16408 147.136
16416 147.158
16424 147.18
16432 147.202
16440 147.224
16448 147.246
16456 147.268
16464 147.29
16472 147.312
16480 147.334
16488 147.355
16496 147.377
16504 147.399
16512 147.42
16520 147.442
16528 147.463
16536 147.484
16544 147.506
16552 147.527
16560 147.548
16568 147.569
16576 147.591
16584 147.612
16592 147.633
16600 147.654
16608 147.674
16616 147.695
16624 147.716
16632 147.737
16640 147.757
16648 147.778
16656 147.799
16664 147.819
16672 147.839
16680 147.86
16688 147.88
16696 147.9
16704 147.921
16712 147.941
16720 147.961
16728 147.981
16736 148.001
16744 148.021
16752 148.041
16760 148.061
16768 148.08
16776 148.1
16784 148.12
16792 148.139
16800 148.159
16808 148.178
16816 148.197
16824 148.217
16832 148.236
16840 148.255
16848 148.274
16856 148.293
16864 148.312
16872 148.331
16880 148.35
16888 148.369
16896 148.388
16904 148.407
16912 148.425
16920 148.444
16928 148.462
16936 148.481
16944 148.499
16952 148.517
16960 148.536
16968 148.554
16976 148.572
16984 148.59
16992 148.608
17000 148.626
17008 148.644
17016 148.662
17024 148.679
17032 148.697
17040 148.715
17048 148.732
17056 148.75
17064 148.767
17072 148.784
17080 148.802
17088 148.819
17096 148.836
17104 148.853
17112 148.87
17120 148.887
17128 148.904
17136 148.92
17144 148.937
17152 148.954
17160 148.97
17168 148.987
17176 149.003
17184 149.02
17192 149.036
17200 149.052
17208 149.068
17216 149.084
17224 149.1
17232 149.116
17240 149.132
17248 149.148
17256 149.164
17264 149.179
17272 149.195
17280 149.21
17288 149.226
17296 149.241
17304 149.257
17312 149.272
17320 149.287
17328 149.302
17336 149.317
17344 149.332
17352 149.347
17360 149.361
17368 149.376
17376 149.391
17384 149.405
17392 149.42
17400 149.434
17408 149.448
17416 149.463
17424 149.477
17432 149.491
17440 149.505
17448 149.519
17456 149.533
17464 149.546
17472 149.56
17480 149.574
17488 149.587
17496 149.601
17504 149.614
17512 149.627
17520 149.641
17528 149.654
17536 149.667
17544 149.68
17552 149.693
17560 149.705
17568 149.718
17576 149.731
17584 149.743
17592 149.756
17600 149.768
17608 149.781
17616 149.793
17624 149.805
17632 149.817
17640 149.829
17648 149.841
17656 149.853
17664 149.865
17672 149.876
17680 149.888
17688 149.899
17696 149.911
17704 149.922
17712 149.933
17720 149.944
17728 149.955
17736 149.966
17744 149.977
17752 149.988
17760 149.999
17768 150.01
17776 150.02
17784 150.031
17792 150.041
17800 150.051
17808 150.062
17816 150.072
17824 150.082
17832 150.092
17840 150.102
17848 150.111
17856 150.121
17864 150.131
17872 150.14
17880 150.15
17888 150.159
17896 150.168
17904 150.177
17912 150.186
17920 150.195
17928 150.204
17936 150.213
17944 150.222
17952 150.23
17960 150.239
17968 150.247
17976 150.256
17984 150.264
17992 150.272
18000 150.28
18008 150.288
18016 150.296
18024 150.304
18032 150.311
18040 150.319
18048 150.326
18056 150.334
18064 150.341
18072 150.348
18080 150.356
18088 150.363
18096 150.37
18104 150.376
18112 150.383
18120 150.39
18128 150.396
18136 150.403
18144 150.409
18152 150.415
18160 150.422
18168 150.428
18176 150.434
18184 150.44
18192 150.445
18200 150.451
18208 150.457
18216 150.462
18224 150.468
18232 150.473
18240 150.478
18248 150.483
18256 150.488
18264 150.493
18272 150.498
18280 150.503
18288 150.507
18296 150.512
18304 150.516
18312 150.52
18320 150.525
18328 150.529
18336 150.533
18344 150.537
18352 150.54
18360 150.544
18368 150.548
18376 150.551
18384 150.555
18392 150.558
18400 150.561
18408 150.564
18416 150.567
18424 150.57
18432 150.573
18440 150.575
18448 150.578
18456 150.58
18464 150.583
18472 150.585
18480 150.587
18488 150.589
18496 150.591
18504 150.593
18512 150.595
18520 150.596
18528 150.598
18536 150.599
18544 150.601
18552 150.602
18560 150.603
18568 150.604
18576 150.605
18584 150.606
18592 150.606
18600 150.607
18608 150.607
18616 150.607
18624 150.608
18632 150.608
18640 150.608
18648 150.608
18656 150.608
18664 150.607
18672 150.607
18680 150.606
18688 150.606
18696 150.605
18704 150.604
18712 150.603
18720 150.602
18728 150.601
18736 150.599
18744 150.598
18752 150.596
18760 150.595
18768 150.593
18776 150.591
18784 150.589
18792 150.587
18800 150.585
18808 150.582
18816 150.58
18824 150.577
18832 150.575
18840 150.572
18848 150.569
18856 150.566
18864 150.563
18872 150.56
18880 150.556
18888 150.553
18896 150.549
18904 150.545
18912 150.542
18920 150.538
18928 150.534
18936 150.529
18944 150.525
18952 150.521
18960 150.516
18968 150.512
18976 150.507
18984 150.502
18992 150.497
19000 150.492
19008 150.487
19016 150.482
19024 150.476
19032 150.471
19040 150.465
19048 150.459
19056 150.453
19064 150.447
19072 150.441
19080 150.435
19088 150.429
19096 150.422
19104 150.416
19112 150.409
19120 150.403
19128 150.396
19136 150.389
19144 150.382
19152 150.374
19160 150.367
19168 150.36
19176 150.352
19184 150.344
19192 150.337
19200 150.329
19208 150.321
19216 150.313
19224 150.305
19232 150.296
19240 150.288
19248 150.279
19256 150.271
19264 150.262
19272 150.253
19280 150.244
19288 150.235
19296 150.226
19304 150.217
19312 150.207
19320 150.198
19328 150.188
19336 150.178
19344 150.168
19352 150.159
19360 150.148
19368 150.138
19376 150.128
19384 150.118
19392 150.107
19400 150.097
19408 150.086
19416 150.075
19424 150.064
19432 150.053
19440 150.042
19448 150.031
19456 150.019
19464 150.008
19472 149.996
19480 149.985
19488 149.973
19496 149.961
19504 149.949
19512 149.937
19520 149.925
19528 149.912
19536 149.9
19544 149.887
19552 149.875
19560 149.862
19568 149.849
19576 149.836
19584 149.823
19592 149.81
19600 149.797
19608 149.783
19616 149.77
19624 149.756
19632 149.743
19640 149.729
19648 149.715
19656 149.701
19664 149.687
19672 149.673
19680 149.658
19688 149.644
19696 149.629
19704 149.615
19712 149.6
19720 149.585
19728 149.57
19736 149.555
19744 149.54
19752 149.525
19760 149.509
19768 149.494
19776 149.478
19784 149.463
19792 149.447
19800 149.431
19808 149.415
19816 149.399
19824 149.383
19832 149.366
19840 149.35
19848 149.333
19856 149.317
19864 149.3
19872 149.283
19880 149.266
19888 149.249
19896 149.232
19904 149.215
19912 149.198
19920 149.18
19928 149.163
19936 149.145
19944 149.127
19952 149.11
19960 149.092
19968 149.074
19976 149.056
19984 149.037
19992 149.019
20000 149.001
20008 148.982
20016 148.963
20024 148.945
20032 148.926
20040 148.907
20048 148.888
20056 148.869
20064 148.849
20072 148.83
20080 148.811
20088 148.791
20096 148.771
20104 148.752
20112 148.732
20120 148.712
20128 148.692
20136 148.672
20144 148.652
20152 148.631
20160 148.611
20168 148.59
20176 148.57
20184 148.549
20192 148.528
20200 148.507
20208 148.486
20216 148.465
20224 148.444
20232 148.423
20240 148.401
20248 148.38
20256 148.358
20264 148.336
20272 148.314
20280 148.293
20288 148.271
20296 148.248
20304 148.226
20312 148.204
20320 148.182
20328 148.159
20336 148.137
20344 148.114
20352 148.091
20360 148.068
20368 148.045
20376 148.022
20384 147.999
20392 147.976
20400 147.952
20408 147.929
20416 147.905
20424 147.882
20432 147.858
20440 147.834
20448 147.81
20456 147.786
20464 147.762
20472 147.738
20480 147.714
20488 147.689
20496 147.665
20504 147.64
20512 147.615
20520 147.591
20528 147.566
20536 147.541
20544 147.516
20552 147.491
20560 147.465
20568 147.44
20576 147.415
20584 147.389
20592 147.363
20600 147.338
20608 147.312
20616 147.286
20624 147.26
20632 147.234
20640 147.208
20648 147.181
20656 147.155
20664 147.129
20672 147.102
20680 147.075
20688 147.049
20696 147.022
20704 146.995
20712 146.968
20720 146.941
20728 146.913
20736 146.886
20744 146.859
20752 146.831
20760 146.804
20768 146.776
20776 146.748
20784 146.72
20792 146.693
20800 146.665
20808 146.636
20816 146.608
20824 146.58
20832 146.551
20840 146.523
20848 146.494
20856 146.466
20864 146.437
20872 146.408
20880 146.379
20888 146.35
20896 146.321
20904 146.292
20912 146.263
20920 146.233
20928 146.204
20936 146.174
20944 146.145
20952 146.115
20960 146.085
20968 146.055
20976 146.025
20984 145.995
20992 145.965
21000 145.934
21008 145.904
21016 145.874
21024 145.843
21032 145.812
21040 145.782
21048 145.751
21056 145.72
21064 145.689
21072 145.658
21080 145.627
21088 145.596
21096 145.564
21104 145.533
21112 145.501
21120 145.47
21128 145.438
21136 145.406
21144 145.374
21152 145.343
21160 145.311
21168 145.278
21176 145.246
21184 145.214
21192 145.182
21200 145.149
21208 145.117
21216 145.084
21224 145.051
21232 145.018
21240 144.985
21248 144.953
21256 144.919
21264 144.886
21272 144.853
21280 144.82
21288 144.786
21296 144.753
21304 144.719
21312 144.686
21320 144.652
21328 144.618
21336 144.584
21344 144.55
21352 144.516
21360 144.482
21368 144.448
21376 144.413
21384 144.379
21392 144.344
21400 144.31
21408 144.275
21416 144.24
21424 144.206
21432 144.171
21440 144.136
21448 144.101
21456 144.065
21464 144.03
21472 143.995
21480 143.959
21488 143.924
21496 143.888
21504 143.853
21512 143.817
21520 143.781
21528 143.745
21536 143.709
21544 143.673
21552 143.637
21560 143.601
21568 143.564
21576 143.528
21584 143.492
21592 143.455
21600 143.418
21608 143.382
21616 143.345
21624 143.308
21632 143.271
21640 143.234
21648 143.197
21656 143.159
21664 143.122
21672 143.085
21680 143.047
21688 143.01
21696 142.972
21704 142.935
21712 142.897
21720 142.859
21728 142.821
21736 142.783
21744 142.745
21752 142.707
21760 142.668
21768 142.63
21776 142.592
21784 142.553
21792 142.515
21800 142.476
21808 142.437
21816 142.398
21824 142.36
21832 142.321
21840 142.282
21848 142.242
21856 142.203
21864 142.164
21872 142.125
21880 142.085
21888 142.046
21896 142.006
21904 141.966
21912 141.927
21920 141.887
21928 141.847
21936 141.807
21944 141.767
21952 141.727
21960 141.687
21968 141.646
21976 141.606
21984 141.565
21992 141.525
22000 141.484
22008 141.444
22016 141.403
22024 141.362
22032 141.321
22040 141.28
22048 141.239
22056 141.198
22064 141.157
22072 141.116
22080 141.074
22088 141.033
22096 140.991
22104 140.95
22112 140.908
22120 140.866
22128 140.825
22136 140.783
22144 140.741
22152 140.699
22160 140.657
22168 140.614
22176 140.572
22184 140.53
22192 140.487
22200 140.445
22208 140.402
22216 140.36
22224 140.317
22232 140.274
22240 140.232
22248 140.189
22256 140.146
22264 140.103
22272 140.059
22280 140.016
22288 139.973
22296 139.93
22304 139.886
22312 139.843
22320 139.799
22328 139.755
22336 139.712
22344 139.668
22352 139.624
22360 139.58
22368 139.536
22376 139.492
22384 139.448
22392 139.404
22400 139.359
22408 139.315
22416 139.271
22424 139.226
22432 139.182
22440 139.137
22448 139.092
22456 139.047
22464 139.002
22472 138.958
22480 138.913
22488 138.867
22496 138.822
22504 138.777
22512 138.732
22520 138.686
22528 138.641
22536 138.596
22544 138.55
22552 138.504
22560 138.459
22568 138.413
22576 138.367
22584 138.321
22592 138.275
22600 138.229
22608 138.183
22616 138.137
22624 138.091
22632 138.044
22640 137.998
22648 137.951
22656 137.905
22664 137.858
22672 137.812
22680 137.765
22688 137.718
22696 137.671
22704 137.624
22712 137.577
22720 137.53
22728 137.483
22736 137.436
22744 137.388
22752 137.341
22760 137.294
22768 137.246
22776 137.199
22784 137.151
22792 137.103
22800 137.056
22808 137.008
22816 136.96
22824 136.912
22832 136.864
22840 136.816
22848 136.768
22856 136.72
22864 136.671
22872 136.623
22880 136.574
22888 136.526
22896 136.477
22904 136.429
22912 136.38
22920 136.331
22928 136.283
22936 136.234
22944 136.185
22952 136.136
22960 136.087
22968 136.038
22976 135.988
22984 135.939
22992 135.89
23000 135.84
23008 135.791
23016 135.742
23024 135.692
23032 135.642
23040 135.593
23048 135.543
23056 135.493
23064 135.443
23072 135.393
23080 135.343
23088 135.293
23096 135.243
23104 135.193
23112 135.142
23120 135.092
23128 135.042
23136 134.991
23144 134.941
23152 134.89
23160 134.839
23168 134.789
23176 134.738
23184 134.687
23192 134.636
23200 134.585
23208 134.534
23216 134.483
23224 134.432
23232 134.381
23240 134.33
23248 134.278
23256 134.227
23264 134.175
23272 134.124
23280 134.072
23288 134.021
23296 133.969
23304 133.917
23312 133.865
23320 133.813
23328 133.762
23336 133.71
23344 133.657
23352 133.605
23360 133.553
23368 133.501
23376 133.449
23384 133.396
23392 133.344
23400 133.291
23408 133.239
23416 133.186
23424 133.134
23432 133.081
23440 133.028
23448 132.975
23456 132.922
23464 132.869
23472 132.816
23480 132.763
23488 132.71
23496 132.657
23504 132.604
23512 132.551
23520 132.497
23528 132.444
23536 132.39
23544 132.337
23552 132.283
23560 132.23
23568 132.176
23576 132.122
23584 132.068
23592 132.014
23600 131.96
23608 131.906
23616 131.852
23624 131.798
23632 131.744
23640 131.69
23648 131.636
23656 131.581
23664 131.527
23672 131.472
23680 131.418
23688 131.363
23696 131.309
23704 131.254
23712 131.199
23720 131.145
23728 131.09
23736 131.035
23744 130.98
23752 130.925
23760 130.87
23768 130.815
23776 130.76
23784 130.704
23792 130.649
23800 130.594
23808 130.539
23816 130.483
23824 130.428
23832 130.372
23840 130.316
23848 130.261
23856 130.205
23864 130.149
23872 130.094
23880 130.038
23888 129.982
23896 129.926
23904 129.87
23912 129.814
23920 129.758
23928 129.701
23936 129.645
23944 129.589
23952 129.532
23960 129.476
23968 129.42
23976 129.363
23984 129.307
23992 129.25
24000 129.193
24008 129.137
24016 129.08
24024 129.023
24032 128.966
24040 128.909
24048 128.852
24056 128.795
24064 128.738
24072 128.681
24080 128.624
24088 128.567
24096 128.509
24104 128.452
24112 128.395
24120 128.337
24128 128.28
24136 128.222
24144 128.165
24152 128.107
24160 128.049
24168 127.992
24176 127.934
24184 127.876
24192 127.818
24200 127.76
24208 127.702
24216 127.644
24224 127.586
24232 127.528
24240 127.47
24248 127.412
24256 127.353
24264 127.295
24272 127.237
24280 127.178
24288 127.12
24296 127.061
24304 127.003
24312 126.944
24320 126.885
24328 126.827
24336 126.768
24344 126.709
24352 126.65
24360 126.591
24368 126.532
24376 126.473
24384 126.414
24392 126.355
24400 126.296
24408 126.237
24416 126.178
24424 126.118
24432 126.059
24440 126
24448 125.94
24456 125.881
24464 125.821
24472 125.762
24480 125.702
24488 125.643
24496 125.583
24504 125.523
24512 125.463
24520 125.404
24528 125.344
24536 125.284
24544 125.224
24552 125.164
24560 125.104
24568 125.044
24576 124.983
24584 124.923
24592 124.863
24600 124.803
24608 124.742
24616 124.682
24624 124.622
24632 124.561
24640 124.501
24648 124.44
24656 124.379
24664 124.319
24672 124.258
24680 124.197
24688 124.137
24696 124.076
24704 124.015
24712 123.954
24720 123.893
24728 123.832
24736 123.771
24744 123.71
24752 123.649
24760 123.588
24768 123.526
24776 123.465
24784 123.404
24792 123.343
24800 123.281
24808 123.22
24816 123.158
24824 123.097
24832 123.035
24840 122.974
24848 122.912
24856 122.85
24864 122.789
24872 122.727
24880 122.665
24888 122.603
24896 122.541
24904 122.479
24912 122.417
24920 122.355
24928 122.293
24936 122.231
24944 122.169
24952 122.107
24960 122.045
24968 121.983
24976 121.92
24984 121.858
24992 121.796
25000 121.733
25008 121.671
25016 121.608
25024 121.546
25032 121.483
25040 121.421
25048 121.358
25056 121.295
25064 121.233
25072 121.17
25080 121.107
25088 121.044
25096 120.981
25104 120.918
25112 120.855
25120 120.792
25128 120.729
25136 120.666
25144 120.603
25152 120.54
25160 120.477
25168 120.414
25176 120.35
25184 120.287
25192 120.224
25200 120.16
25208 120.097
25216 120.034
25224 119.97
25232 119.907
25240 119.843
25248 119.779
25256 119.716
25264 119.652
25272 119.588
25280 119.525
25288 119.461
25296 119.397
25304 119.333
25312 119.269
25320 119.205
25328 119.141
25336 119.077
25344 119.013
25352 118.949
25360 118.885
25368 118.821
25376 118.757
25384 118.693
25392 118.629
25400 118.564
25408 118.5
25416 118.436
25424 118.371
25432 118.307
25440 118.242
25448 118.178
25456 118.113
25464 118.049
25472 117.984
25480 117.92
25488 117.855
25496 117.79
25504 117.726
25512 117.661
25520 117.596
25528 117.531
25536 117.466
25544 117.401
25552 117.336
25560 117.271
25568 117.207
25576 117.141
25584 117.076
25592 117.011
25600 116.946
25608 116.881
25616 116.816
25624 116.751
25632 116.685
25640 116.62
25648 116.555
25656 116.489
25664 116.424
25672 116.359
25680 116.293
25688 116.228
25696 116.162
25704 116.097
25712 116.031
25720 115.966
25728 115.9
25736 115.834
25744 115.769
25752 115.703
25760 115.637
25768 115.571
25776 115.505
25784 115.44
25792 115.374
25800 115.308
25808 115.242
25816 115.176
25824 115.11
25832 115.044
25840 114.978
25848 114.912
25856 114.846
25864 114.78
25872 114.713
25880 114.647
25888 114.581
25896 114.515
25904 114.448
25912 114.382
25920 114.316
25928 114.249
25936 114.183
25944 114.116
25952 114.05
25960 113.984
25968 113.917
25976 113.85
25984 113.784
25992 113.717
26000 113.651
26008 113.584
26016 113.517
26024 113.451
26032 113.384
26040 113.317
26048 113.25
26056 113.183
26064 113.117
26072 113.05
26080 112.983
26088 112.916
26096 112.849
26104 112.782
26112 112.715
26120 112.648
26128 112.581
26136 112.514
26144 112.447
26152 112.38
26160 112.312
26168 112.245
26176 112.178
26184 112.111
26192 112.043
26200 111.976
26208 111.909
26216 111.842
26224 111.774
26232 111.707
26240 111.639
26248 111.572
26256 111.504
26264 111.437
26272 111.369
26280 111.302
26288 111.234
26296 111.167
26304 111.099
26312 111.031
26320 110.964
26328 110.896
26336 110.828
26344 110.761
26352 110.693
26360 110.625
26368 110.557
26376 110.49
26384 110.422
26392 110.354
26400 110.286
26408 110.218
26416 110.15
26424 110.082
26432 110.014
26440 109.946
26448 109.878
26456 109.81
26464 109.742
26472 109.674
26480 109.606
26488 109.538
26496 109.469
26504 109.401
26512 109.333
26520 109.265
26528 109.197
26536 109.128
26544 109.06
26552 108.992
26560 108.923
26568 108.855
26576 108.787
26584 108.718
26592 108.65
26600 108.581
26608 108.513
26616 108.445
26624 108.376
26632 108.308
26640 108.239
26648 108.17
26656 108.102
26664 108.033
26672 107.965
26680 107.896
26688 107.827
26696 107.759
26704 107.69
26712 107.621
26720 107.553
26728 107.484
26736 107.415
26744 107.346
26752 107.277
26760 107.209
26768 107.14
26776 107.071
26784 107.002
26792 106.933
26800 106.864
26808 106.795
26816 106.726
26824 106.657
26832 106.588
26840 106.519
26848 106.45
26856 106.381
26864 106.312
26872 106.243
26880 106.174
26888 106.105
26896 106.036
26904 105.967
26912 105.898
26920 105.828
26928 105.759
26936 105.69
26944 105.621
26952 105.552
26960 105.482
26968 105.413
26976 105.344
26984 105.275
26992 105.205
27000 105.136
27008 105.067
27016 104.997
27024 104.928
27032 104.858
27040 104.789
27048 104.72
27056 104.65
27064 104.581
27072 104.511
27080 104.442
27088 104.372
27096 104.303
27104 104.233
27112 104.164
27120 104.094
27128 104.025
27136 103.955
27144 103.885
27152 103.816
27160 103.746
27168 103.676
27176 103.607
27184 103.537
27192 103.468
27200 103.398
27208 103.328
27216 103.258
27224 103.189
27232 103.119
27240 103.049
27248 102.979
27256 102.91
27264 102.84
27272 102.77
27280 102.7
27288 102.63
27296 102.561
27304 102.491
27312 102.421
27320 102.351
27328 102.281
27336 102.211
27344 102.141
27352 102.071
27360 102.001
27368 101.931
27376 101.862
27384 101.792
27392 101.722
27400 101.652
27408 101.582
27416 101.512
27424 101.442
27432 101.372
27440 101.302
27448 101.231
27456 101.161
27464 101.091
27472 101.021
27480 100.951
27488 100.881
27496 100.811
27504 100.741
27512 100.671
27520 100.601
27528 100.53
27536 100.46
27544 100.39
27552 100.32
27560 100.25
27568 100.18
27576 100.109
27584 100.039
27592 99.969
27600 99.8988
27608 99.8286
27616 99.7583
27624 99.6881
27632 99.6178
27640 99.5476
27648 99.4773
27656 99.407
27664 99.3367
27672 99.2664
27680 99.1961
27688 99.1258
27696 99.0555
27704 98.9852
27712 98.9149
27720 98.8445
27728 98.7742
27736 98.7039
27744 98.6335
27752 98.5631
27760 98.4928
27768 98.4224
27776 98.352
27784 98.2816
27792 98.2112
27800 98.1409
27808 98.0705
27816 98
27824 97.9296
27832 97.8592
27840 97.7888
27848 97.7184
27856 97.6479
27864 97.5775
27872 97.507
27880 97.4366
27888 97.3661
27896 97.2957
27904 97.2252
27912 97.1548
27920 97.0843
27928 97.0138
27936 96.9433
27944 96.8728
27952 96.8024
27960 96.7319
27968 96.6614
27976 96.5909
27984 96.5204
27992 96.4499
28000 96.3793
28008 96.3088
28016 96.2383
28024 96.1678
28032 96.0973
28040 96.0267
28048 95.9562
28056 95.8857
28064 95.8152
28072 95.7446
28080 95.6741
28088 95.6035
28096 95.533
28104 95.4625
28112 95.3919
28120 95.3214
28128 95.2508
28136 95.1803
28144 95.1097
28152 95.0391
28160 94.9686
28168 94.898
28176 94.8275
28184 94.7569
28192 94.6863
28200 94.6158
28208 94.5452
28216 94.4747
28224 94.4041
28232 94.3335
28240 94.263
28248 94.1924
28256 94.1218
28264 94.0513
