0 213.059
8 212.962
16 212.865
24 212.767
32 212.67
40 212.573
48 212.476
56 212.378
64 212.281
72 212.184
80 212.087
88 211.989
96 211.892
104 211.795
112 211.698
120 211.6
128 211.503
136 211.406
144 211.309
152 211.212
160 211.114
168 211.017
176 210.92
184 210.823
192 210.726
200 210.629
208 210.532
216 210.434
224 210.337
232 210.24
240 210.143
248 210.046
256 209.949
264 209.852
272 209.755
280 209.658
288 209.561
296 209.464
304 209.367
312 209.27
320 209.173
328 209.076
336 208.979
344 208.883
352 208.786
360 208.689
368 208.592
376 208.495
384 208.398
392 208.302
400 208.205
408 208.108
416 208.012
424 207.915
432 207.818
440 207.722
448 207.625
456 207.528
464 207.432
472 207.335
480 207.239
488 207.142
496 207.046
504 206.949
512 206.853
520 206.757
528 206.66
536 206.564
544 206.468
552 206.371
560 206.275
568 206.179
576 206.083
584 205.987
592 205.891
600 205.794
608 205.698
616 205.602
624 205.506
632 205.41
640 205.314
648 205.219
656 205.123
664 205.027
672 204.931
680 204.835
688 204.74
696 204.644
704 204.548
712 204.453
720 204.357
728 204.262
736 204.166
744 204.071
752 203.975
760 203.88
768 203.785
776 203.689
784 203.594
792 203.499
800 203.404
808 203.309
816 203.213
824 203.118
832 203.023
840 202.928
848 202.834
856 202.739
864 202.644
872 202.549
880 202.454
888 202.36
896 202.265
904 202.17
912 202.076
920 201.981
928 201.887
936 201.793
944 201.698
952 201.604
960 201.51
968 201.416
976 201.321
984 201.227
992 201.133
1000 201.039
1008 200.945
1016 200.852
1024 200.758
1032 200.664
1040 200.57
1048 200.477
1056 200.383
1064 200.289
1072 200.196
1080 200.102
1088 200.009
1096 199.916
1104 199.822
1112 199.729
1120 199.636
1128 199.543
1136 199.45
1144 199.357
1152 199.264
1160 199.171
1168 199.078
1176 198.986
1184 198.893
1192 198.8
1200 198.708
1208 198.615
1216 198.523
1224 198.431
1232 198.338
1240 198.246
1248 198.154
1256 198.062
1264 197.97
1272 197.878
1280 197.786
1288 197.694
1296 197.603
1304 197.511
1312 197.419
1320 197.328
1328 197.236
1336 197.145
1344 197.053
1352 196.962
1360 196.871
1368 196.78
1376 196.689
1384 196.598
1392 196.507
1400 196.416
1408 196.325
1416 196.235
1424 196.144
1432 196.054
1440 195.963
1448 195.873
1456 195.782
1464 195.692
1472 195.602
1480 195.512
1488 195.422
1496 195.332
1504 195.242
1512 195.152
1520 195.063
1528 194.973
1536 194.884
1544 194.794
1552 194.705
1560 194.616
1568 194.526
1576 194.437
1584 194.348
1592 194.259
1600 194.17
1608 194.082
1616 193.993
1624 193.904
1632 193.816
1640 193.727
1648 193.639
1656 193.551
1664 193.463
1672 193.375
1680 193.287
1688 193.199
1696 193.111
1704 193.023
1712 192.936
1720 192.848
1728 192.761
1736 192.673
1744 192.586
1752 192.499
1760 192.412
1768 192.325
1776 192.238
1784 192.151
1792 192.064
1800 191.978
1808 191.891
1816 191.805
1824 191.718
1832 191.632
1840 191.546
1848 191.46
1856 191.374
1864 191.288
1872 191.202
1880 191.117
1888 191.031
1896 190.946
1904 190.86
1912 190.775
1920 190.69
1928 190.605
1936 190.52
1944 190.435
1952 190.35
1960 190.266
1968 190.181
1976 190.097
1984 190.012
1992 189.928
2000 189.844
2008 189.76
2016 189.676
2024 189.592
2032 189.509
2040 189.425
2048 189.342
2056 189.258
2064 189.175
2072 189.092
2080 189.009
2088 188.926
2096 188.843
2104 188.76
2112 188.678
2120 188.595
2128 188.513
2136 188.431
2144 188.348
2152 188.266
2160 188.185
2168 188.103
2176 188.021
2184 187.939
2192 187.858
2200 187.777
2208 187.695
2216 187.614
2224 187.533
2232 187.452
2240 187.372
2248 187.291
2256 187.21
2264 187.13
2272 187.05
2280 186.97
2288 186.89
2296 186.81
2304 186.73
2312 186.65
2320 186.571
2328 186.491
2336 186.412
2344 186.333
2352 186.253
2360 186.175
2368 186.096
2376 186.017
2384 185.938
2392 185.86
2400 185.781
2408 185.703
2416 185.625
2424 185.547
2432 185.468
2440 185.39
2448 185.312
2456 185.234
2464 185.156
2472 185.078
2480 185
2488 184.922
2496 184.844
2504 184.767
2512 184.689
2520 184.611
2528 184.532
2536 184.454
2544 184.376
2552 184.298
2560 184.22
2568 184.141
2576 184.063
2584 183.985
2592 183.906
2600 183.827
2608 183.748
2616 183.67
2624 183.591
2632 183.511
2640 183.432
2648 183.353
2656 183.273
2664 183.193
2672 183.113
2680 183.033
2688 182.953
2696 182.872
2704 182.791
2712 182.71
2720 182.629
2728 182.548
2736 182.466
2744 182.384
2752 182.302
2760 182.22
2768 182.137
2776 182.054
2784 181.971
2792 181.888
2800 181.804
2808 181.72
2816 181.635
2824 181.551
2832 181.466
2840 181.38
2848 181.294
2856 181.208
2864 181.122
2872 181.035
2880 180.948
2888 180.86
2896 180.772
2904 180.684
2912 180.595
2920 180.506
2928 180.417
2936 180.327
2944 180.236
2952 180.145
2960 180.054
2968 179.962
2976 179.87
2984 179.777
2992 179.684
3000 179.59
3008 179.496
3016 179.401
3024 179.306
3032 179.211
3040 179.114
3048 179.017
3056 178.92
3064 178.822
3072 178.724
3080 178.625
3088 178.525
3096 178.425
3104 178.324
3112 178.223
3120 178.121
3128 178.018
3136 177.915
3144 177.811
3152 177.707
3160 177.602
3168 177.496
3176 177.39
3184 177.283
3192 177.175
3200 177.067
3208 176.957
3216 176.848
3224 176.737
3232 176.626
3240 176.514
3248 176.401
3256 176.288
3264 176.174
3272 176.059
3280 175.943
3288 175.827
3296 175.709
3304 175.591
3312 175.473
3320 175.353
3328 175.233
3336 175.112
3344 174.99
3352 174.867
3360 174.743
3368 174.619
3376 174.493
3384 174.367
3392 174.24
3400 174.112
3408 173.983
3416 173.853
3424 173.723
3432 173.591
3440 173.459
3448 173.325
3456 173.191
3464 173.056
3472 172.919
3480 172.782
3488 172.644
3496 172.505
3504 172.365
3512 172.224
3520 172.082
3528 171.939
3536 171.795
3544 171.65
3552 171.504
3560 171.357
3568 171.209
3576 171.06
3584 170.909
3592 170.758
3600 170.606
3608 170.452
3616 170.298
3624 170.142
3632 169.986
3640 169.828
3648 169.669
3656 169.509
3664 169.348
3672 169.185
3680 169.022
3688 168.857
3696 168.692
3704 168.525
3712 168.357
3720 168.187
3728 168.017
3736 167.845
3744 167.672
3752 167.498
3760 167.323
3768 167.146
3776 166.969
3784 166.79
3792 166.609
3800 166.428
3808 166.245
3816 166.061
3824 165.876
3832 165.689
3840 165.501
3848 165.312
3856 165.121
3864 164.929
3872 164.736
3880 164.542
3888 164.346
3896 164.148
3904 163.95
3912 163.75
3920 163.549
3928 163.346
3936 163.142
3944 162.936
3952 162.729
3960 162.521
3968 162.311
3976 162.1
3984 161.887
3992 161.673
4000 161.458
4008 161.241
4016 161.022
4024 160.802
4032 160.581
4040 160.358
4048 160.134
4056 159.908
4064 159.68
4072 159.451
4080 159.221
4088 158.989
4096 158.755
4104 158.52
4112 158.283
4120 158.045
4128 157.805
4136 157.564
4144 157.321
4152 157.076
4160 156.83
4168 156.582
4176 156.333
4184 156.082
4192 155.829
4200 155.575
4208 155.319
4216 155.061
4224 154.802
4232 154.541
4240 154.278
4248 154.013
4256 153.747
4264 153.48
4272 153.21
4280 152.939
4288 152.666
4296 152.391
4304 152.115
4312 151.836
4320 151.556
4328 151.275
4336 150.991
4344 150.706
4352 150.419
4360 150.13
4368 149.839
4376 149.547
4384 149.252
4392 148.956
4400 148.658
4408 148.358
4416 148.057
4424 147.753
4432 147.448
4440 147.14
4448 146.831
4456 146.52
4464 146.207
4472 145.892
4480 145.575
4488 145.257
4496 144.936
4504 144.613
4512 144.289
4520 143.962
4528 143.634
4536 143.303
4544 142.971
4552 142.636
4560 142.3
4568 141.962
4576 141.621
4584 141.279
4592 140.934
4600 140.588
4608 140.239
4616 139.889
4624 139.536
4632 139.182
4640 138.825
4648 138.466
4656 138.105
4664 137.742
4672 137.377
4680 137.01
4688 136.64
4696 136.269
4704 135.895
4712 135.52
4720 135.142
4728 134.762
4736 134.38
4744 133.996
4752 133.609
4760 133.221
4768 132.831
4776 132.439
4784 132.044
4792 131.648
4800 131.25
4808 130.85
4816 130.448
4824 130.045
4832 129.639
4840 129.232
4848 128.822
4856 128.411
4864 127.999
4872 127.584
4880 127.168
4888 126.75
4896 126.331
4904 125.91
4912 125.487
4920 125.063
4928 124.637
4936 124.21
4944 123.781
4952 123.35
4960 122.918
4968 122.485
4976 122.05
4984 121.614
4992 121.176
5000 120.737
5008 120.297
5016 119.855
5024 119.413
5032 118.968
5040 118.523
5048 118.076
5056 117.628
5064 117.179
5072 116.729
5080 116.277
5088 115.825
5096 115.371
5104 114.916
5112 114.46
5120 114.004
5128 113.546
5136 113.087
5144 112.627
5152 112.166
5160 111.705
5168 111.242
5176 110.778
5184 110.314
5192 109.849
5200 109.383
5208 108.916
5216 108.449
5224 107.98
5232 107.511
5240 107.042
5248 106.571
5256 106.1
5264 105.628
5272 105.156
5280 104.683
5288 104.21
5296 103.736
5304 103.261
5312 102.786
5320 102.31
5328 101.834
5336 101.358
5344 100.881
5352 100.404
5360 99.9261
5368 99.4482
5376 98.9698
5384 98.4912
5392 98.0124
5400 97.5332
5408 97.0538
5416 96.5742
5424 96.0944
5432 95.6144
5440 95.1343
5448 94.6541
5456 94.1737
5464 93.6933
5472 93.2128
5480 92.7323
5488 92.2517
5496 91.7712
5504 91.2907
5512 90.8102
5520 90.3298
5528 89.8495
5536 89.3694
5544 88.8893
5552 88.4095
5560 87.9298
5568 87.4503
5576 86.971
5584 86.492
5592 86.0133
5600 85.5348
5608 85.0567
5616 84.5789
5624 84.1015
5632 83.6245
5640 83.1478
5648 82.6716
5656 82.1959
5664 81.7206
5672 81.2458
5680 80.7715
5688 80.2978
5696 79.8246
5704 79.352
5712 78.88
5720 78.4087
5728 77.938
5736 77.4679
5744 76.9986
5752 76.53
5760 76.0621
5768 75.595
5776 75.1286
5784 74.6631
5792 74.1984
5800 73.7345
5808 73.2715
5816 72.8094
5824 72.3482
5832 71.888
5840 71.4287
5848 70.9704
5856 70.5131
5864 70.0568
5872 69.6016
5880 69.1474
5888 68.6944
5896 68.2424
5904 67.7916
5912 67.342
5920 66.8935
5928 66.4462
5936 66.0002
5944 65.5554
5952 65.1119
5960 64.6697
5968 64.2288
5976 63.7892
5984 63.351
5992 62.9141
6000 62.4787
6008 62.0447
6016 61.6122
6024 61.1811
6032 60.7515
6040 60.3234
6048 59.8969
6056 59.4719
6064 59.0485
6072 58.6267
6080 58.2065
6088 57.788
6096 57.3712
6104 56.956
6112 56.5425
6120 56.1308
6128 55.7209
6136 55.3127
6144 54.9063
6152 54.5018
6160 54.0991
6168 53.6983
6176 53.2994
6184 52.9023
6192 52.5073
6200 52.1141
6208 51.723
6216 51.3338
6224 50.9467
6232 50.5617
6240 50.1787
6248 49.7977
6256 49.419
6264 49.0423
6272 48.6678
6280 48.2955
6288 47.9253
6296 47.5575
6304 47.1918
6312 46.8284
6320 46.4673
6328 46.1086
6336 45.7521
6344 45.398
6352 45.0463
6360 44.697
6368 44.3502
6376 44.0057
6384 43.6638
6392 43.3243
6400 42.9873
6408 42.6529
6416 42.3211
6424 41.9918
6432 41.6651
6440 41.341
6448 41.0196
6456 40.7009
6464 40.3848
6472 40.0715
6480 39.7608
6488 39.453
6496 39.1479
6504 38.8456
6512 38.5462
6520 38.2496
6528 37.9559
6536 37.665
6544 37.3771
6552 37.0921
6560 36.81
6568 36.531
6576 36.2549
6584 35.9819
6592 35.7119
6600 35.4449
6608 35.1811
6616 34.9204
6624 34.6628
6632 34.4084
6640 34.1571
6648 33.909
6656 33.6642
6664 33.4226
6672 33.1843
6680 32.9493
6688 32.7175
6696 32.4892
6704 32.2641
6712 32.0425
6720 31.8242
6728 31.6094
6736 31.398
6744 31.1901
6752 30.9856
6760 30.7847
6768 30.5873
6776 30.3935
6784 30.2032
6792 30.0166
6800 29.8336
6808 29.6542
6816 29.4784
6824 29.3064
6832 29.1381
6840 28.9735
6848 28.8127
6856 28.6556
6864 28.5024
6872 28.3529
6880 28.2073
6888 28.0656
6896 27.9278
6904 27.7938
6912 27.6638
6920 27.5378
6928 27.4157
6936 27.2977
6944 27.1836
6952 27.0736
6960 26.9677
6968 26.8658
6976 26.7681
6984 26.6745
6992 26.585
7000 26.4998
7008 26.4187
7016 26.3418
7024 26.2692
7032 26.2009
7040 26.1368
7048 26.0771
7056 26.0217
7064 25.9706
7072 25.9239
7080 25.8816
7088 25.8436
7096 25.81
7104 25.7808
7112 25.7558
7120 25.7351
7128 25.7187
7136 25.7066
7144 25.6987
7152 25.695
7160 25.6956
7168 25.7003
7176 25.7092
7184 25.7223
7192 25.7396
7200 25.7609
7208 25.7864
7216 25.816
7224 25.8496
7232 25.8873
7240 25.9291
7248 25.9749
7256 26.0247
7264 26.0785
7272 26.1363
7280 26.1981
7288 26.2638
7296 26.3334
7304 26.407
7312 26.4844
7320 26.5658
7328 26.651
7336 26.74
7344 26.8329
7352 26.9296
7360 27.0301
7368 27.1344
7376 27.2425
7384 27.3543
7392 27.4698
7400 27.5891
7408 27.7121
7416 27.8387
7424 27.9691
7432 28.103
7440 28.2407
7448 28.3819
7456 28.5267
7464 28.6752
7472 28.8272
7480 28.9827
7488 29.1418
7496 29.3044
7504 29.4705
7512 29.6401
7520 29.8132
7528 29.9897
7536 30.1697
7544 30.3531
7552 30.5399
7560 30.7301
7568 30.9237
7576 31.1206
7584 31.3209
7592 31.5245
7600 31.7314
7608 31.9416
7616 32.155
7624 32.3718
7632 32.5917
7640 32.8149
7648 33.0413
7656 33.2709
7664 33.5037
7672 33.7396
7680 33.9787
7688 34.2209
7696 34.4662
7704 34.7146
7712 34.9661
7720 35.2206
7728 35.4782
7736 35.7389
7744 36.0025
7752 36.2691
7760 36.5387
7768 36.8113
7776 37.0868
7784 37.3653
7792 37.6466
7800 37.9309
7808 38.218
7816 38.508
7824 38.8009
7832 39.0966
7840 39.3951
7848 39.6964
7856 40.0004
7864 40.3073
7872 40.6169
7880 40.9292
7888 41.2442
7896 41.562
7904 41.8824
7912 42.2055
7920 42.5312
7928 42.8596
7936 43.1906
7944 43.5242
7952 43.8604
7960 44.1991
7968 44.5404
7976 44.8843
7984 45.2306
7992 45.5795
8000 45.9308
8008 46.2846
8016 46.6409
8024 46.9996
8032 47.3607
8040 47.7243
8048 48.0902
8056 48.4585
8064 48.8291
8072 49.2021
8080 49.5774
8088 49.955
8096 50.3349
8104 50.7171
8112 51.1015
8120 51.4881
8128 51.877
8136 52.2681
8144 52.6614
8152 53.0569
8160 53.4545
8168 53.8542
8176 54.2561
8184 54.6601
8192 55.0662
8200 55.4744
8208 55.8846
8216 56.2968
8224 56.7111
8232 57.1274
8240 57.5457
8248 57.966
8256 58.3882
8264 58.8123
8272 59.2384
8280 59.6664
8288 60.0963
8296 60.5281
8304 60.9618
8312 61.3972
8320 61.8346
8328 62.2737
8336 62.7146
8344 63.1573
8352 63.6018
8360 64.048
8368 64.4959
8376 64.9456
8384 65.3969
8392 65.85
8400 66.3046
8408 66.761
8416 67.219
8424 67.6786
8432 68.1397
8440 68.6025
8448 69.0669
8456 69.5327
8464 70.0002
8472 70.4691
8480 70.9395
8488 71.4115
8496 71.8848
8504 72.3597
8512 72.8359
8520 73.3136
8528 73.7927
8536 74.2732
8544 74.755
8552 75.2382
8560 75.7228
8568 76.2086
8576 76.6958
8584 77.1842
8592 77.6739
8600 78.1649
8608 78.6571
8616 79.1505
8624 79.6451
8632 80.1409
8640 80.6379
8648 81.1361
8656 81.6353
8664 82.1357
8672 82.6372
8680 83.1398
8688 83.6435
8696 84.1482
8704 84.654
8712 85.1608
8720 85.6686
8728 86.1773
8736 86.6871
8744 87.1978
8752 87.7095
8760 88.222
8768 88.7355
8776 89.2499
8784 89.7652
8792 90.2813
8800 90.7982
8808 91.316
8816 91.8346
8824 92.354
8832 92.8742
8840 93.3951
8848 93.9167
8856 94.4391
8864 94.9622
8872 95.486
8880 96.0105
8888 96.5357
8896 97.0614
8904 97.5878
8912 98.1149
8920 98.6425
8928 99.1707
8936 99.6995
8944 100.229
8952 100.759
8960 101.289
8968 101.82
8976 102.351
8984 102.883
8992 103.415
9000 103.948
9008 104.481
9016 105.014
9024 105.548
9032 106.083
9040 106.617
9048 107.152
9056 107.687
9064 108.223
9072 108.759
9080 109.295
9088 109.831
9096 110.368
9104 110.904
9112 111.441
9120 111.979
9128 112.516
9136 113.053
9144 113.591
9152 114.129
9160 114.667
9168 115.205
9176 115.743
9184 116.281
9192 116.819
9200 117.357
9208 117.895
9216 118.433
9224 118.971
9232 119.509
9240 120.047
9248 120.585
9256 121.123
9264 121.661
9272 122.198
9280 122.736
9288 123.273
9296 123.81
9304 124.347
9312 124.884
9320 125.42
9328 125.956
9336 126.492
9344 127.028
9352 127.563
9360 128.098
9368 128.633
9376 129.168
9384 129.702
9392 130.235
9400 130.769
9408 131.302
9416 131.834
9424 132.366
9432 132.898
9440 133.429
9448 133.959
9456 134.49
9464 135.019
9472 135.548
9480 136.077
9488 136.605
9496 137.133
9504 137.66
9512 138.187
9520 138.713
9528 139.239
9536 139.764
9544 140.288
9552 140.812
9560 141.335
9568 141.858
9576 142.381
9584 142.902
9592 143.423
9600 143.944
9608 144.464
9616 144.983
9624 145.502
9632 146.02
9640 146.537
9648 147.054
9656 147.57
9664 148.085
9672 148.6
9680 149.114
9688 149.628
9696 150.141
9704 150.653
9712 151.164
9720 151.675
9728 152.185
9736 152.694
9744 153.203
9752 153.711
9760 154.218
9768 154.724
9776 155.23
9784 155.735
9792 156.239
9800 156.742
9808 157.245
9816 157.747
9824 158.248
9832 158.748
9840 159.248
9848 159.747
9856 160.244
9864 160.742
9872 161.238
9880 161.733
9888 162.228
9896 162.721
9904 163.214
9912 163.706
9920 164.198
9928 164.688
9936 165.177
9944 165.666
9952 166.154
9960 166.64
9968 167.126
9976 167.611
9984 168.095
9992 168.578
10000 169.06
10008 169.542
10016 170.022
10024 170.501
10032 170.98
10040 171.457
10048 171.934
10056 172.409
10064 172.884
10072 173.357
10080 173.83
10088 174.301
10096 174.772
10104 175.241
10112 175.709
10120 176.177
10128 176.643
10136 177.109
10144 177.573
10152 178.036
10160 178.498
10168 178.959
10176 179.42
10184 179.878
10192 180.336
10200 180.793
10208 181.249
10216 181.703
10224 182.157
10232 182.609
10240 183.06
10248 183.51
10256 183.959
10264 184.407
10272 184.853
10280 185.299
10288 185.743
10296 186.186
10304 186.628
10312 187.069
10320 187.508
10328 187.947
10336 188.384
10344 188.82
10352 189.254
10360 189.688
10368 190.12
10376 190.551
10384 190.98
10392 191.409
10400 191.836
10408 192.262
10416 192.687
10424 193.11
10432 193.532
10440 193.953
10448 194.372
10456 194.79
10464 195.207
10472 195.623
10480 196.037
10488 196.45
10496 196.861
10504 197.271
10512 197.68
10520 198.087
10528 198.493
10536 198.898
10544 199.301
10552 199.703
10560 200.104
10568 200.503
10576 200.901
10584 201.297
10592 201.692
10600 202.085
10608 202.477
10616 202.867
10624 203.257
10632 203.644
10640 204.03
10648 204.415
10656 204.798
10664 205.18
10672 205.56
10680 205.939
10688 206.316
10696 206.692
10704 207.066
10712 207.439
10720 207.81
10728 208.179
10736 208.547
10744 208.914
10752 209.279
10760 209.642
10768 210.004
10776 210.364
10784 210.723
10792 211.08
10800 211.435
10808 211.789
10816 212.141
10824 212.492
10832 212.841
10840 213.188
10848 213.534
10856 213.878
10864 214.221
10872 214.561
10880 214.901
10888 215.238
10896 215.574
10904 215.908
10912 216.24
10920 216.571
10928 216.9
10936 217.227
10944 217.553
10952 217.876
10960 218.199
10968 218.519
10976 218.838
10984 219.154
10992 219.469
11000 219.783
11008 220.094
11016 220.404
11024 220.712
11032 221.018
11040 221.323
11048 221.625
11056 221.926
11064 222.225
11072 222.522
11080 222.818
11088 223.111
11096 223.403
11104 223.692
11112 223.98
11120 224.266
11128 224.551
11136 224.833
11144 225.113
11152 225.392
11160 225.668
11168 225.943
11176 226.216
11184 226.487
11192 226.756
11200 227.023
11208 227.288
11216 227.551
11224 227.812
11232 228.071
11240 228.329
11248 228.584
11256 228.837
11264 229.089
11272 229.338
11280 229.585
11288 229.831
11296 230.074
11304 230.315
11312 230.555
11320 230.792
11328 231.027
11336 231.26
11344 231.491
11352 231.72
11360 231.947
11368 232.172
11376 232.395
11384 232.616
11392 232.834
11400 233.051
11408 233.265
11416 233.478
11424 233.688
11432 233.896
11440 234.102
11448 234.306
11456 234.507
11464 234.707
11472 234.904
11480 235.099
11488 235.293
11496 235.483
11504 235.672
11512 235.858
11520 236.043
11528 236.225
11536 236.405
11544 236.582
11552 236.758
11560 236.931
11568 237.102
11576 237.27
11584 237.437
11592 237.601
11600 237.763
11608 237.922
11616 238.08
11624 238.235
11632 238.388
11640 238.538
11648 238.686
11656 238.832
11664 238.976
11672 239.117
11680 239.256
11688 239.392
11696 239.526
11704 239.658
11712 239.788
11720 239.915
11728 240.039
11736 240.162
11744 240.282
11752 240.399
11760 240.514
11768 240.627
11776 240.738
11784 240.845
11792 240.951
11800 241.054
11808 241.155
11816 241.253
11824 241.349
11832 241.442
11840 241.533
11848 241.622
11856 241.708
11864 241.792
11872 241.874
11880 241.953
11888 242.03
11896 242.105
11904 242.177
11912 242.247
11920 242.314
11928 242.379
11936 242.442
11944 242.503
11952 242.561
11960 242.617
11968 242.671
11976 242.722
11984 242.771
11992 242.818
12000 242.862
12008 242.904
12016 242.944
12024 242.982
12032 243.017
12040 243.05
12048 243.081
12056 243.11
12064 243.136
12072 243.16
12080 243.182
12088 243.202
12096 243.22
12104 243.235
12112 243.248
12120 243.259
12128 243.267
12136 243.274
12144 243.278
12152 243.28
12160 243.28
12168 243.278
12176 243.274
12184 243.267
12192 243.258
12200 243.248
12208 243.235
12216 243.219
12224 243.202
12232 243.183
12240 243.161
12248 243.138
12256 243.112
12264 243.084
12272 243.054
12280 243.022
12288 242.988
12296 242.952
12304 242.913
12312 242.873
12320 242.831
12328 242.786
12336 242.74
12344 242.691
12352 242.64
12360 242.588
12368 242.533
12376 242.476
12384 242.417
12392 242.356
12400 242.294
12408 242.229
12416 242.162
12424 242.093
12432 242.022
12440 241.949
12448 241.874
12456 241.798
12464 241.719
12472 241.638
12480 241.555
12488 241.471
12496 241.384
12504 241.296
12512 241.205
12520 241.113
12528 241.018
12536 240.922
12544 240.824
12552 240.724
12560 240.622
12568 240.518
12576 240.412
12584 240.304
12592 240.194
12600 240.083
12608 239.97
12616 239.854
12624 239.737
12632 239.618
12640 239.497
12648 239.375
12656 239.25
12664 239.124
12672 238.995
12680 238.865
12688 238.734
12696 238.6
12704 238.464
12712 238.327
12720 238.188
12728 238.047
12736 237.904
12744 237.76
12752 237.614
12760 237.465
12768 237.316
12776 237.164
12784 237.011
12792 236.856
12800 236.699
12808 236.54
12816 236.38
12824 236.218
12832 236.054
12840 235.888
12848 235.721
12856 235.552
12864 235.381
12872 235.209
12880 235.035
12888 234.859
12896 234.682
12904 234.503
12912 234.322
12920 234.139
12928 233.955
12936 233.769
12944 233.582
12952 233.393
12960 233.202
12968 233.01
12976 232.816
12984 232.62
12992 232.423
13000 232.224
13008 232.023
13016 231.821
13024 231.618
13032 231.412
13040 231.205
13048 230.997
13056 230.787
13064 230.575
13072 230.362
13080 230.147
13088 229.931
13096 229.713
13104 229.494
13112 229.273
13120 229.05
13128 228.826
13136 228.601
13144 228.373
13152 228.145
13160 227.915
13168 227.683
13176 227.45
13184 227.215
13192 226.979
13200 226.742
13208 226.503
13216 226.262
13224 226.02
13232 225.776
13240 225.532
13248 225.285
13256 225.037
13264 224.788
13272 224.537
13280 224.285
13288 224.032
13296 223.777
13304 223.52
13312 223.262
13320 223.003
13328 222.742
13336 222.48
13344 222.217
13352 221.952
13360 221.686
13368 221.418
13376 221.15
13384 220.879
13392 220.608
13400 220.335
13408 220.06
13416 219.785
13424 219.508
13432 219.229
13440 218.95
13448 218.669
13456 218.386
13464 218.103
13472 217.818
13480 217.532
13488 217.244
13496 216.955
13504 216.665
13512 216.374
13520 216.081
13528 215.787
13536 215.492
13544 215.196
13552 214.898
13560 214.599
13568 214.299
13576 213.998
13584 213.695
13592 213.391
13600 213.086
13608 212.78
13616 212.472
13624 212.164
13632 211.854
13640 211.543
13648 211.23
13656 210.917
13664 210.602
13672 210.287
13680 209.97
13688 209.652
13696 209.332
13704 209.012
13712 208.69
13720 208.368
13728 208.044
13736 207.719
13744 207.393
13752 207.065
13760 206.737
13768 206.408
13776 206.077
13784 205.745
13792 205.413
13800 205.079
13808 204.744
13816 204.408
13824 204.071
13832 203.733
13840 203.394
13848 203.054
13856 202.712
13864 202.37
13872 202.027
13880 201.682
13888 201.337
13896 200.99
13904 200.643
13912 200.295
13920 199.945
13928 199.595
13936 199.243
13944 198.891
13952 198.537
13960 198.183
13968 197.827
13976 197.471
13984 197.114
13992 196.755
14000 196.396
14008 196.036
14016 195.675
14024 195.313
14032 194.95
14040 194.586
14048 194.221
14056 193.855
14064 193.489
14072 193.121
14080 192.753
14088 192.383
14096 192.013
14104 191.642
14112 191.27
14120 190.897
14128 190.523
14136 190.148
14144 189.773
14152 189.397
14160 189.019
14168 188.641
14176 188.263
14184 187.883
14192 187.503
14200 187.121
14208 186.739
14216 186.357
14224 185.973
14232 185.589
14240 185.204
14248 184.819
14256 184.432
14264 184.045
14272 183.658
14280 183.269
14288 182.88
14296 182.49
14304 182.1
14312 181.709
14320 181.318
14328 180.926
14336 180.533
14344 180.14
14352 179.746
14360 179.351
14368 178.956
14376 178.561
14384 178.165
14392 177.768
14400 177.371
14408 176.974
14416 176.576
14424 176.177
14432 175.778
14440 175.379
14448 174.979
14456 174.579
14464 174.178
14472 173.777
14480 173.376
14488 172.974
14496 172.572
14504 172.169
14512 171.766
14520 171.363
14528 170.959
14536 170.555
14544 170.151
14552 169.747
14560 169.342
14568 168.937
14576 168.532
14584 168.126
14592 167.721
14600 167.315
14608 166.909
14616 166.502
14624 166.096
14632 165.689
14640 165.282
14648 164.875
14656 164.468
14664 164.06
14672 163.653
14680 163.245
14688 162.838
14696 162.43
14704 162.022
14712 161.614
14720 161.206
14728 160.798
14736 160.39
14744 159.982
14752 159.574
14760 159.166
14768 158.758
14776 158.35
14784 157.942
14792 157.534
14800 157.126
14808 156.718
14816 156.31
14824 155.903
14832 155.495
14840 155.088
14848 154.68
14856 154.273
14864 153.866
14872 153.459
14880 153.052
14888 152.646
14896 152.239
14904 151.833
14912 151.427
14920 151.021
14928 150.616
14936 150.211
14944 149.806
14952 149.401
14960 148.996
14968 148.592
14976 148.188
14984 147.785
14992 147.382
15000 146.979
15008 146.576
15016 146.174
15024 145.772
15032 145.37
15040 144.969
15048 144.569
15056 144.168
15064 143.769
15072 143.369
15080 142.97
15088 142.572
15096 142.174
15104 141.776
15112 141.379
15120 140.982
15128 140.586
15136 140.191
15144 139.796
15152 139.401
15160 139.007
15168 138.614
15176 138.221
15184 137.829
15192 137.438
15200 137.047
15208 136.656
15216 136.267
15224 135.878
15232 135.489
15240 135.101
15248 134.714
15256 134.328
15264 133.942
15272 133.557
15280 133.173
15288 132.79
15296 132.407
15304 132.025
15312 131.644
15320 131.263
15328 130.883
15336 130.505
15344 130.127
15352 129.749
15360 129.373
15368 128.997
15376 128.623
15384 128.249
15392 127.876
15400 127.504
15408 127.133
15416 126.762
15424 126.393
15432 126.025
15440 125.657
15448 125.291
15456 124.925
15464 124.561
15472 124.197
15480 123.835
15488 123.473
15496 123.113
15504 122.753
15512 122.395
15520 122.037
15528 121.681
15536 121.326
15544 120.972
15552 120.619
15560 120.267
15568 119.916
15576 119.566
15584 119.218
15592 118.87
15600 118.524
15608 118.179
15616 117.835
15624 117.493
15632 117.151
15640 116.811
15648 116.472
15656 116.134
15664 115.798
15672 115.463
15680 115.129
15688 114.796
15696 114.465
15704 114.135
15712 113.806
15720 113.479
15728 113.153
15736 112.828
15744 112.505
15752 112.183
15760 111.862
15768 111.543
15776 111.226
15784 110.909
15792 110.594
15800 110.281
15808 109.969
15816 109.659
15824 109.35
15832 109.042
15840 108.736
15848 108.432
15856 108.129
15864 107.827
15872 107.527
15880 107.229
15888 106.932
15896 106.637
15904 106.344
15912 106.052
15920 105.761
15928 105.473
15936 105.185
15944 104.9
15952 104.616
15960 104.334
15968 104.054
15976 103.775
15984 103.498
15992 103.222
16000 102.949
16008 102.677
16016 102.407
16024 102.138
16032 101.872
16040 101.607
16048 101.344
16056 101.083
16064 100.823
16072 100.566
16080 100.31
16088 100.056
16096 99.8039
16104 99.5537
16112 99.3054
16120 99.0589
16128 98.8144
16136 98.5718
16144 98.3311
16152 98.0924
16160 97.8556
16168 97.6207
16176 97.3878
16184 97.1569
16192 96.928
16200 96.7011
16208 96.4762
16216 96.2534
16224 96.0325
16232 95.8138
16240 95.597
16248 95.3824
16256 95.1698
16264 94.9593
16272 94.7509
16280 94.5447
16288 94.3405
16296 94.1385
16304 93.9387
16312 93.741
16320 93.5454
16328 93.3521
16336 93.1609
16344 92.9719
16352 92.7852
16360 92.6007
16368 92.4184
16376 92.2384
16384 92.0606
16392 91.8851
16400 91.7118
16408 91.5409
16416 91.3723
16424 91.2059
16432 91.0419
16440 90.8803
16448 90.721
16456 90.564
16464 90.4094
16472 90.2572
16480 90.1074
16488 89.96
16496 89.815
16504 89.6724
16512 89.5323
16520 89.3945
16528 89.2592
16536 89.1263
16544 88.9958
16552 88.8677
16560 88.742
16568 88.6188
16576 88.4979
16584 88.3795
16592 88.2635
16600 88.1499
16608 88.0387
16616 87.93
16624 87.8236
16632 87.7197
16640 87.6181
16648 87.519
16656 87.4223
16664 87.328
16672 87.2361
16680 87.1466
16688 87.0596
16696 86.9749
16704 86.8927
16712 86.8128
16720 86.7354
16728 86.6604
16736 86.5878
16744 86.5176
16752 86.4498
16760 86.3844
16768 86.3214
16776 86.2609
16784 86.2027
16792 86.1469
16800 86.0936
16808 86.0426
16816 85.9941
16824 85.9479
16832 85.9042
16840 85.8629
16848 85.8239
16856 85.7874
16864 85.7533
16872 85.7216
16880 85.6923
16888 85.6653
16896 85.6408
16904 85.6187
16912 85.599
16920 85.5817
16928 85.5668
16936 85.5543
16944 85.5442
16952 85.5365
16960 85.5312
16968 85.5283
16976 85.5278
16984 85.5296
16992 85.5339
17000 85.5406
17008 85.5497
17016 85.5612
17024 85.575
17032 85.5913
17040 85.61
17048 85.631
17056 85.6545
17064 85.6804
17072 85.7086
17080 85.7393
17088 85.7723
17096 85.8077
17104 85.8456
17112 85.8858
17120 85.9284
17128 85.9734
17136 86.0208
17144 86.0706
17152 86.1228
17160 86.1773
17168 86.2343
17176 86.2936
17184 86.3554
17192 86.4195
17200 86.486
17208 86.555
17216 86.6263
17224 86.6999
17232 86.776
17240 86.8545
17248 86.9354
17256 87.0186
17264 87.1042
17272 87.1922
17280 87.2826
17288 87.3754
17296 87.4706
17304 87.5682
17312 87.6681
17320 87.7705
17328 87.8752
17336 87.9823
17344 88.0918
17352 88.2036
17360 88.3179
17368 88.4345
17376 88.5535
17384 88.6749
17392 88.7987
17400 88.9249
17408 89.0534
17416 89.1843
17424 89.3177
17432 89.4533
17440 89.5914
17448 89.7319
17456 89.8747
17464 90.0199
17472 90.1675
17480 90.3174
17488 90.4698
17496 90.6245
17504 90.7816
17512 90.9411
17520 91.1029
17528 91.2672
17536 91.4338
17544 91.6027
17552 91.7741
17560 91.9478
17568 92.1239
17576 92.3024
17584 92.4833
17592 92.6665
17600 92.8521
17608 93.0401
17616 93.2304
17624 93.4232
17632 93.6183
17640 93.8157
17648 94.0156
17656 94.2178
17664 94.4224
17672 94.6293
17680 94.8386
17688 95.0503
17696 95.2644
17704 95.4808
17712 95.6996
17720 95.9208
17728 96.1444
17736 96.3703
17744 96.5986
17752 96.8292
17760 97.0622
17768 97.2976
17776 97.5353
17784 97.7755
17792 98.0179
17800 98.2628
17808 98.51
17816 98.7596
17824 99.0115
17832 99.2658
17840 99.5225
17848 99.7815
17856 100.043
17864 100.307
17872 100.573
17880 100.841
17888 101.112
17896 101.385
17904 101.661
17912 101.939
17920 102.219
17928 102.502
17936 102.787
17944 103.074
17952 103.364
17960 103.656
17968 103.95
17976 104.247
17984 104.546
17992 104.848
18000 105.152
18008 105.458
18016 105.767
18024 106.078
18032 106.391
18040 106.707
18048 107.025
18056 107.345
18064 107.668
18072 107.993
18080 108.32
18088 108.65
18096 108.982
18104 109.317
18112 109.654
18120 109.993
18128 110.334
18136 110.678
18144 111.025
18152 111.373
18160 111.724
18168 112.078
18176 112.433
18184 112.791
18192 113.152
18200 113.514
18208 113.879
18216 114.247
18224 114.617
18232 114.989
18240 115.363
18248 115.74
18256 116.119
18264 116.501
18272 116.885
18280 117.271
18288 117.659
18296 118.05
18304 118.444
18312 118.839
18320 119.237
18328 119.637
18336 120.04
18344 120.445
18352 120.852
18360 121.262
18368 121.674
18376 122.088
18384 122.505
18392 122.924
18400 123.345
18408 123.769
18416 124.195
18424 124.624
18432 125.054
18440 125.487
18448 125.923
18456 126.361
18464 126.801
18472 127.243
18480 127.688
18488 128.135
18496 128.584
18504 129.036
18512 129.49
18520 129.947
18528 130.406
18536 130.867
18544 131.33
18552 131.796
18560 132.264
18568 132.735
18576 133.207
18584 133.683
18592 134.16
18600 134.64
18608 135.122
18616 135.606
18624 136.093
18632 136.582
18640 137.074
18648 137.568
18656 138.064
18664 138.562
18672 139.063
18680 139.566
18688 140.072
18696 140.579
18704 141.09
18712 141.602
18720 142.117
18728 142.634
18736 143.153
18744 143.675
18752 144.199
18760 144.726
18768 145.254
18776 145.786
18784 146.319
18792 146.855
18800 147.393
18808 147.933
18816 148.476
18824 149.021
18832 149.568
18840 150.118
18848 150.67
18856 151.224
18864 151.781
18872 152.34
18880 152.901
18888 153.464
18896 154.03
18904 154.598
18912 155.168
18920 155.74
18928 156.314
18936 156.89
18944 157.469
18952 158.05
18960 158.632
18968 159.217
18976 159.803
18984 160.392
18992 160.983
19000 161.575
19008 162.17
19016 162.766
19024 163.365
19032 163.965
19040 164.567
19048 165.171
19056 165.776
19064 166.384
19072 166.993
19080 167.604
19088 168.217
19096 168.831
19104 169.447
19112 170.065
19120 170.684
19128 171.305
19136 171.928
19144 172.552
19152 173.178
19160 173.805
19168 174.434
19176 175.064
19184 175.696
19192 176.329
19200 176.964
19208 177.6
19216 178.238
19224 178.876
19232 179.517
19240 180.158
19248 180.801
19256 181.445
19264 182.091
19272 182.738
19280 183.385
19288 184.035
19296 184.685
19304 185.337
19312 185.989
19320 186.643
19328 187.298
19336 187.954
19344 188.611
19352 189.269
19360 189.928
19368 190.588
19376 191.25
19384 191.912
19392 192.575
19400 193.239
19408 193.904
19416 194.57
19424 195.236
19432 195.904
19440 196.572
19448 197.241
19456 197.911
19464 198.582
19472 199.253
19480 199.925
19488 200.598
19496 201.272
19504 201.946
19512 202.621
19520 203.296
19528 203.972
19536 204.649
19544 205.326
19552 206.004
19560 206.682
19568 207.36
19576 208.04
19584 208.719
19592 209.399
19600 210.08
19608 210.761
19616 211.442
19624 212.124
19632 212.806
19640 213.488
19648 214.17
19656 214.853
19664 215.536
19672 216.22
19680 216.903
19688 217.587
19696 218.271
19704 218.955
19712 219.639
19720 220.323
19728 221.007
19736 221.692
19744 222.376
19752 223.061
19760 223.745
19768 224.43
19776 225.114
19784 225.798
19792 226.483
19800 227.167
19808 227.851
19816 228.535
19824 229.219
19832 229.902
19840 230.586
19848 231.269
19856 231.952
19864 232.634
19872 233.317
19880 233.999
19888 234.68
19896 235.362
19904 236.043
19912 236.724
19920 237.404
19928 238.084
19936 238.763
19944 239.442
19952 240.12
19960 240.798
19968 241.476
19976 242.152
19984 242.829
19992 243.504
20000 244.179
20008 244.854
20016 245.528
20024 246.201
20032 246.873
20040 247.545
20048 248.216
20056 248.886
20064 249.555
20072 250.224
20080 250.892
20088 251.559
20096 252.225
20104 252.89
20112 253.555
20120 254.218
20128 254.88
20136 255.542
20144 256.203
20152 256.862
20160 257.521
20168 258.178
20176 258.835
20184 259.49
20192 260.144
20200 260.797
20208 261.449
20216 262.1
20224 262.75
20232 263.398
20240 264.045
20248 264.691
20256 265.336
20264 265.979
20272 266.621
20280 267.262
20288 267.902
20296 268.54
20304 269.176
20312 269.812
20320 270.445
20328 271.078
20336 271.709
20344 272.338
20352 272.966
20360 273.592
20368 274.217
20376 274.84
20384 275.462
20392 276.082
20400 276.7
20408 277.317
20416 277.932
20424 278.545
20432 279.157
20440 279.767
20448 280.375
20456 280.982
20464 281.586
20472 282.189
20480 282.79
20488 283.389
20496 283.986
20504 284.581
20512 285.174
20520 285.766
20528 286.355
20536 286.943
20544 287.528
20552 288.112
20560 288.693
20568 289.272
20576 289.849
20584 290.425
20592 290.997
20600 291.568
20608 292.137
20616 292.703
20624 293.268
20632 293.83
20640 294.39
20648 294.947
20656 295.502
20664 296.055
20672 296.606
20680 297.154
20688 297.7
20696 298.243
20704 298.784
20712 299.323
20720 299.859
20728 300.393
20736 300.924
20744 301.453
20752 301.979
20760 302.502
20768 303.023
20776 303.542
20784 304.057
20792 304.57
20800 305.081
20808 305.589
20816 306.094
20824 306.596
20832 307.096
20840 307.593
20848 308.087
20856 308.578
20864 309.066
20872 309.552
20880 310.035
20888 310.515
20896 310.992
20904 311.466
20912 311.937
20920 312.405
20928 312.87
20936 313.332
20944 313.791
20952 314.247
20960 314.7
20968 315.15
20976 315.597
20984 316.04
20992 316.481
21000 316.918
21008 317.352
21016 317.783
21024 318.211
21032 318.635
21040 319.056
21048 319.474
21056 319.888
21064 320.3
21072 320.707
21080 321.112
21088 321.513
21096 321.91
21104 322.305
21112 322.695
21120 323.083
21128 323.466
21136 323.847
21144 324.223
21152 324.596
21160 324.966
21168 325.332
21176 325.694
21184 326.053
21192 326.408
21200 326.759
21208 327.107
21216 327.451
21224 327.791
21232 328.127
21240 328.46
21248 328.789
21256 329.115
21264 329.437
21272 329.755
21280 330.07
21288 330.381
21296 330.688
21304 330.992
21312 331.292
21320 331.589
21328 331.882
21336 332.171
21344 332.457
21352 332.74
21360 333.019
21368 333.294
21376 333.566
21384 333.834
21392 334.099
21400 334.361
21408 334.619
21416 334.873
21424 335.125
21432 335.372
21440 335.616
21448 335.857
21456 336.095
21464 336.329
21472 336.559
21480 336.787
21488 337.011
21496 337.231
21504 337.448
21512 337.662
21520 337.873
21528 338.08
21536 338.284
21544 338.485
21552 338.682
21560 338.876
21568 339.067
21576 339.255
21584 339.439
21592 339.62
21600 339.798
21608 339.973
21616 340.144
21624 340.313
21632 340.478
21640 340.64
21648 340.799
21656 340.954
21664 341.107
21672 341.256
21680 341.402
21688 341.545
21696 341.685
21704 341.822
21712 341.956
21720 342.087
21728 342.215
21736 342.339
21744 342.461
21752 342.58
21760 342.695
21768 342.808
21776 342.917
21784 343.024
21792 343.127
21800 343.228
21808 343.326
21816 343.42
21824 343.512
21832 343.601
21840 343.687
21848 343.77
21856 343.85
21864 343.927
21872 344.002
21880 344.073
21888 344.142
21896 344.208
21904 344.271
21912 344.331
21920 344.388
21928 344.442
21936 344.494
21944 344.543
21952 344.589
21960 344.632
21968 344.673
21976 344.711
21984 344.746
21992 344.778
22000 344.808
22008 344.835
22016 344.859
22024 344.88
22032 344.899
22040 344.916
22048 344.929
22056 344.94
22064 344.948
22072 344.954
22080 344.957
22088 344.957
22096 344.955
22104 344.95
22112 344.943
22120 344.933
22128 344.92
22136 344.905
22144 344.888
22152 344.868
22160 344.845
22168 344.82
22176 344.792
22184 344.762
22192 344.73
22200 344.694
22208 344.657
22216 344.617
22224 344.575
22232 344.53
22240 344.483
22248 344.433
22256 344.381
22264 344.326
22272 344.27
22280 344.21
22288 344.149
22296 344.085
22304 344.019
22312 343.95
22320 343.879
22328 343.806
22336 343.731
22344 343.653
22352 343.573
22360 343.491
22368 343.406
22376 343.319
22384 343.23
22392 343.139
22400 343.045
22408 342.95
22416 342.852
22424 342.752
22432 342.649
22440 342.545
22448 342.439
22456 342.33
22464 342.219
22472 342.106
22480 341.991
22488 341.874
22496 341.754
22504 341.633
22512 341.51
22520 341.384
22528 341.257
22536 341.127
22544 340.995
22552 340.862
22560 340.726
22568 340.588
22576 340.449
22584 340.307
22592 340.163
22600 340.018
22608 339.87
22616 339.721
22624 339.569
22632 339.416
22640 339.26
22648 339.103
22656 338.944
22664 338.783
22672 338.62
22680 338.456
22688 338.289
22696 338.121
22704 337.95
22712 337.778
22720 337.605
22728 337.429
22736 337.251
22744 337.072
22752 336.891
22760 336.708
22768 336.524
22776 336.338
22784 336.15
22792 335.96
22800 335.768
22808 335.575
22816 335.38
22824 335.184
22832 334.986
22840 334.786
22848 334.584
22856 334.381
22864 334.176
22872 333.97
22880 333.762
22888 333.552
22896 333.341
22904 333.128
22912 332.914
22920 332.698
22928 332.48
22936 332.261
22944 332.041
22952 331.819
22960 331.595
22968 331.37
22976 331.143
22984 330.915
22992 330.686
23000 330.455
23008 330.222
23016 329.989
23024 329.753
23032 329.516
23040 329.278
23048 329.039
23056 328.798
23064 328.555
23072 328.312
23080 328.067
23088 327.82
23096 327.572
23104 327.323
23112 327.073
23120 326.821
23128 326.568
23136 326.314
23144 326.058
23152 325.802
23160 325.543
23168 325.284
23176 325.023
23184 324.762
23192 324.499
23200 324.234
23208 323.969
23216 323.702
23224 323.434
23232 323.165
23240 322.895
23248 322.624
23256 322.351
23264 322.078
23272 321.803
23280 321.527
23288 321.25
23296 320.972
23304 320.693
23312 320.413
23320 320.132
23328 319.85
23336 319.566
23344 319.282
23352 318.997
23360 318.71
23368 318.423
23376 318.135
23384 317.845
23392 317.555
23400 317.264
23408 316.972
23416 316.678
23424 316.384
23432 316.089
23440 315.793
23448 315.497
23456 315.199
23464 314.9
23472 314.601
23480 314.301
23488 314
23496 313.698
23504 313.395
23512 313.091
23520 312.787
23528 312.482
23536 312.176
23544 311.869
23552 311.561
23560 311.253
23568 310.944
23576 310.634
23584 310.324
23592 310.012
23600 309.7
23608 309.387
23616 309.074
23624 308.759
23632 308.444
23640 308.128
23648 307.811
23656 307.493
23664 307.175
23672 306.856
23680 306.535
23688 306.215
23696 305.893
23704 305.57
23712 305.247
23720 304.922
23728 304.597
23736 304.271
23744 303.944
23752 303.617
23760 303.288
23768 302.959
23776 302.628
23784 302.297
23792 301.965
23800 301.632
23808 301.298
23816 300.963
23824 300.627
23832 300.29
23840 299.953
23848 299.614
23856 299.275
23864 298.934
23872 298.593
23880 298.25
23888 297.907
23896 297.563
23904 297.218
23912 296.872
23920 296.524
23928 296.176
23936 295.827
23944 295.477
23952 295.126
23960 294.774
23968 294.421
23976 294.066
23984 293.711
23992 293.355
24000 292.998
24008 292.64
24016 292.28
24024 291.92
24032 291.559
24040 291.196
24048 290.833
24056 290.468
24064 290.102
24072 289.736
24080 289.368
24088 288.999
24096 288.629
24104 288.258
24112 287.886
24120 287.513
24128 287.138
24136 286.763
24144 286.386
24152 286.008
24160 285.63
24168 285.25
24176 284.868
24184 284.486
24192 284.103
24200 283.718
24208 283.332
24216 282.945
24224 282.557
24232 282.168
24240 281.778
24248 281.386
24256 280.993
24264 280.599
24272 280.204
24280 279.807
24288 279.41
24296 279.011
24304 278.611
24312 278.209
24320 277.807
24328 277.403
24336 276.998
24344 276.592
24352 276.184
24360 275.775
24368 275.365
24376 274.954
24384 274.541
24392 274.127
24400 273.712
24408 273.296
24416 272.878
24424 272.459
24432 272.039
24440 271.617
24448 271.194
24456 270.77
24464 270.344
24472 269.917
24480 269.489
24488 269.059
24496 268.628
24504 268.196
24512 267.762
24520 267.327
24528 266.89
24536 266.453
24544 266.013
24552 265.573
24560 265.131
24568 264.688
24576 264.243
24584 263.797
24592 263.349
24600 262.9
24608 262.45
24616 261.998
24624 261.545
24632 261.09
24640 260.634
24648 260.176
24656 259.717
24664 259.257
24672 258.795
24680 258.331
24688 257.867
24696 257.4
24704 256.932
24712 256.463
24720 255.992
24728 255.52
24736 255.046
24744 254.571
24752 254.094
24760 253.616
24768 253.136
24776 252.655
24784 252.172
24792 251.687
24800 251.201
24808 250.714
24816 250.225
24824 249.734
24832 249.242
24840 248.748
24848 248.253
24856 247.756
24864 247.257
24872 246.757
24880 246.255
24888 245.752
24896 245.247
24904 244.741
24912 244.233
24920 243.723
24928 243.211
24936 242.698
24944 242.184
24952 241.668
24960 241.15
24968 240.63
24976 240.109
24984 239.586
24992 239.061
25000 238.535
25008 238.007
25016 237.478
25024 236.947
25032 236.414
25040 235.879
25048 235.343
25056 234.805
25064 234.265
25072 233.723
25080 233.18
25088 232.635
25096 232.089
25104 231.54
25112 230.99
25120 230.438
25128 229.884
25136 229.329
25144 228.772
25152 228.213
25160 227.652
25168 227.09
25176 226.526
25184 225.959
25192 225.392
25200 224.822
25208 224.251
25216 223.677
25224 223.102
25232 222.525
25240 221.947
25248 221.366
25256 220.784
25264 220.199
25272 219.613
25280 219.025
25288 218.436
25296 217.844
25304 217.251
25312 216.655
25320 216.058
25328 215.459
25336 214.858
25344 214.255
25352 213.65
25360 213.043
25368 212.435
25376 211.824
25384 211.212
25392 210.597
25400 209.981
25408 209.363
25416 208.743
25424 208.121
25432 207.497
25440 206.871
25448 206.243
25456 205.613
25464 204.981
25472 204.347
25480 203.711
25488 203.073
25496 202.433
25504 201.792
25512 201.148
25520 200.502
25528 199.854
25536 199.204
25544 198.552
25552 197.899
25560 197.243
25568 196.585
25576 195.925
25584 195.263
25592 194.599
25600 193.932
25608 193.264
25616 192.594
25624 191.922
25632 191.247
25640 190.571
25648 189.892
25656 189.211
25664 188.529
25672 187.844
25680 187.157
25688 186.468
25696 185.776
25704 185.083
25712 184.388
25720 183.69
25728 182.99
25736 182.288
25744 181.584
25752 180.878
25760 180.17
25768 179.459
25776 178.747
25784 178.032
25792 177.315
25800 176.595
25808 175.874
25816 175.15
25824 174.425
25832 173.697
25840 172.966
25848 172.234
25856 171.499
25864 170.762
25872 170.023
25880 169.282
25888 168.538
25896 167.793
25904 167.045
25912 166.294
25920 165.542
25928 164.787
25936 164.03
25944 163.271
25952 162.51
25960 161.746
25968 160.981
25976 160.214
25984 159.446
25992 158.675
26000 157.903
26008 157.129
26016 156.354
26024 155.577
26032 154.799
26040 154.019
26048 153.238
26056 152.455
26064 151.672
26072 150.887
26080 150.101
26088 149.314
26096 148.526
26104 147.737
26112 146.947
26120 146.157
26128 145.365
26136 144.573
26144 143.78
26152 142.987
26160 142.193
26168 141.399
26176 140.604
26184 139.809
26192 139.013
26200 138.218
26208 137.422
26216 136.626
26224 135.83
26232 135.034
26240 134.238
26248 133.442
26256 132.646
26264 131.85
26272 131.055
26280 130.26
26288 129.466
26296 128.672
26304 127.878
26312 127.085
26320 126.293
26328 125.501
26336 124.71
26344 123.92
26352 123.131
26360 122.343
26368 121.555
26376 120.769
26384 119.984
26392 119.2
26400 118.417
26408 117.635
26416 116.855
26424 116.076
26432 115.299
26440 114.523
26448 113.749
26456 112.976
26464 112.205
26472 111.436
26480 110.668
26488 109.902
26496 109.139
26504 108.377
26512 107.617
26520 106.859
26528 106.104
26536 105.35
26544 104.599
26552 103.851
26560 103.104
26568 102.36
26576 101.619
26584 100.88
26592 100.143
26600 99.4098
26608 98.6789
26616 97.9507
26624 97.2254
26632 96.503
26640 95.7835
26648 95.0671
26656 94.3537
26664 93.6434
26672 92.9364
26680 92.2326
26688 91.5321
26696 90.8349
26704 90.1412
26712 89.451
26720 88.7642
26728 88.0811
26736 87.4017
26744 86.7259
26752 86.0539
26760 85.3858
26768 84.7215
26776 84.0612
26784 83.4049
26792 82.7526
26800 82.1045
26808 81.4605
26816 80.8208
26824 80.1854
26832 79.5543
26840 78.9276
26848 78.3054
26856 77.6877
26864 77.0746
26872 76.4662
26880 75.8624
26888 75.2634
26896 74.6692
26904 74.0799
26912 73.4955
26920 72.9161
26928 72.3418
26936 71.7726
26944 71.2085
26952 70.6497
26960 70.0961
26968 69.5479
26976 69.0051
26984 68.4677
26992 67.9359
27000 67.4096
27008 66.8889
27016 66.374
27024 65.8647
27032 65.3613
27040 64.8638
27048 64.3722
27056 63.8865
27064 63.4069
27072 62.9334
27080 62.466
27088 62.0049
27096 61.55
27104 61.1014
27112 60.6593
27120 60.2236
27128 59.7943
27136 59.3717
27144 58.9556
27152 58.5463
27160 58.1437
27168 57.7478
27176 57.3588
27184 56.9768
27192 56.6017
27200 56.2336
27208 55.8726
27216 55.5187
27224 55.1721
27232 54.8327
27240 54.5006
27248 54.1759
27256 53.8586
27264 53.5488
27272 53.2466
27280 52.952
27288 52.665
27296 52.3858
27304 52.1143
27312 51.8507
27320 51.595
27328 51.3472
27336 51.1075
27344 50.8758
27352 50.6523
27360 50.4369
27368 50.2298
27376 50.031
27384 49.8406
27392 49.6586
27400 49.485
27408 49.32
27416 49.1636
27424 49.0159
27432 48.8768
27440 48.7466
27448 48.6251
27456 48.5126
27464 48.4089
27472 48.3143
27480 48.2288
27488 48.1524
27496 48.0851
27504 48.0271
27512 47.9784
27520 47.939
27528 47.909
27536 47.8885
27544 47.8776
27552 47.8762
27560 47.8845
27568 47.9024
27576 47.9301
27584 47.9677
27592 48.0151
27600 48.0724
27608 48.1398
27616 48.2171
27624 48.3046
27632 48.4023
27640 48.5102
27648 48.6283
27656 48.7568
27664 48.8957
27672 49.0451
27680 49.2049
27688 49.3754
27696 49.5565
27704 49.7482
27712 49.9507
27720 50.1641
27728 50.3882
27736 50.6233
27744 50.8694
27752 51.1265
27760 51.3947
27768 51.6741
27776 51.9647
27784 52.2665
27792 52.5797
27800 52.9043
27808 53.2403
27816 53.5878
27824 53.9469
27832 54.3176
27840 54.6999
27848 55.094
27856 55.4999
27864 55.9177
27872 56.3473
27880 56.789
27888 57.2426
27896 57.7084
27904 58.1862
27912 58.6763
27920 59.1787
27928 59.6933
27936 60.2204
27944 60.7598
27952 61.3118
27960 61.8763
27968 62.4534
27976 63.0432
27984 63.6457
27992 64.261
28000 64.8891
28008 65.5301
28016 66.1841
28024 66.8511
28032 67.5312
28040 68.2244
28048 68.9308
28056 69.6504
28064 70.3833
28072 71.1297
28080 71.8894
28088 72.6626
28096 73.4493
28104 74.2497
28112 75.0637
28120 75.8914
28128 76.7329
28136 77.5882
28144 78.4574
28152 79.3405
28160 80.2376
28168 81.1488
28176 82.0742
28184 83.0137
28192 83.9674
28200 84.9354
28208 85.9178
28216 86.9146
28224 87.9259
28232 88.9517
28240 89.992
28248 91.047
28256 92.1168
28264 93.2012
28272 94.3005
28280 95.4146
28288 96.5434
28296 97.6868
28304 98.8446
28312 100.017
28320 101.203
28328 102.403
28336 103.618
28344 104.846
28352 106.088
28360 107.343
28368 108.612
28376 109.894
28384 111.189
28392 112.498
28400 113.819
28408 115.153
28416 116.5
28424 117.859
28432 119.231
28440 120.615
28448 122.011
28456 123.419
28464 124.84
28472 126.272
28480 127.715
28488 129.17
28496 130.637
28504 132.115
28512 133.604
28520 135.104
28528 136.614
28536 138.136
28544 139.668
28552 141.211
28560 142.765
28568 144.328
28576 145.902
28584 147.485
28592 149.079
28600 150.682
28608 152.295
28616 153.918
28624 155.55
28632 157.191
28640 158.841
28648 160.5
28656 162.168
28664 163.845
28672 165.531
28680 167.225
28688 168.927
28696 170.637
28704 172.356
28712 174.083
28720 175.817
28728 177.56
28736 179.31
28744 181.067
28752 182.832
28760 184.604
28768 186.383
28776 188.169
28784 189.962
28792 191.761
28800 193.568
28808 195.38
28816 197.199
28824 199.025
28832 200.856
28840 202.693
28848 204.537
28856 206.386
28864 208.24
28872 210.1
28880 211.965
28888 213.836
28896 215.711
28904 217.592
28912 219.477
28920 221.367
28928 223.262
28936 225.161
28944 227.064
28952 228.972
28960 230.883
28968 232.799
28976 234.718
28984 236.641
28992 238.568
29000 240.498
29008 242.431
29016 244.368
29024 246.307
29032 248.25
29040 250.195
29048 252.143
29056 254.094
29064 256.047
29072 258.002
29080 259.959
29088 261.919
29096 263.88
29104 265.843
29112 267.808
29120 269.775
29128 271.742
29136 273.711
29144 275.682
29152 277.653
29160 279.625
29168 281.598
29176 283.572
29184 285.546
29192 287.52
29200 289.495
29208 291.47
29216 293.445
29224 295.42
29232 297.394
29240 299.368
29248 301.342
29256 303.315
29264 305.287
29272 307.259
29280 309.229
29288 311.199
29296 313.167
29304 315.134
29312 317.099
29320 319.063
29328 321.024
29336 322.984
29344 324.942
29352 326.898
29360 328.852
29368 330.803
29376 332.752
29384 334.698
29392 336.641
29400 338.581
29408 340.519
29416 342.453
29424 344.384
29432 346.311
29440 348.235
29448 350.156
29456 352.072
29464 353.985
29472 355.893
29480 357.798
29488 359.698
29496 361.594
29504 363.485
29512 365.372
29520 367.253
29528 369.13
29536 371.002
29544 372.868
29552 374.73
29560 376.586
29568 378.436
29576 380.281
29584 382.12
29592 383.952
29600 385.779
29608 387.6
29616 389.414
29624 391.222
29632 393.024
29640 394.818
29648 396.606
29656 398.387
29664 400.161
29672 401.927
29680 403.687
29688 405.439
29696 407.183
29704 408.919
29712 410.648
29720 412.369
29728 414.082
29736 415.786
29744 417.482
29752 419.17
29760 420.849
29768 422.52
29776 424.181
29784 425.834
29792 427.477
29800 429.111
29808 430.736
29816 432.352
29824 433.957
29832 435.554
29840 437.14
29848 438.716
29856 440.282
29864 441.838
29872 443.384
29880 444.919
29888 446.443
29896 447.957
29904 449.46
29912 450.951
29920 452.432
29928 453.902
29936 455.36
29944 456.806
29952 458.241
29960 459.664
29968 461.076
29976 462.475
29984 463.862
29992 465.237
30000 466.6
30008 467.95
30016 469.287
30024 470.612
30032 471.923
30040 473.222
30048 474.508
30056 475.78
30064 477.039
30072 478.284
30080 479.516
30088 480.734
30096 481.938
30104 483.128
30112 484.304
30120 485.465
30128 486.612
30136 487.745
30144 488.863
30152 489.966
30160 491.054
30168 492.127
30176 493.185
30184 494.228
30192 495.255
30200 496.267
30208 497.263
30216 498.243
30224 499.207
30232 500.156
30240 501.088
30248 502.003
30256 502.903
30264 503.785
30272 504.651
30280 505.501
30288 506.333
30296 507.148
30304 507.946
30312 508.727
30320 509.49
30328 510.236
30336 510.964
30344 511.674
30352 512.366
30360 513.04
30368 513.696
30376 514.334
30384 514.953
30392 515.553
30400 516.135
30408 516.698
30416 517.242
30424 517.767
30432 518.272
30440 518.759
30448 519.225
30456 519.673
30464 520.1
30472 520.508
30480 520.895
30488 521.263
30496 521.61
30504 521.937
30512 522.244
30520 522.53
30528 522.795
30536 523.039
30544 523.262
30552 523.464
30560 523.645
30568 523.805
30576 523.943
30584 524.059
30592 524.154
30600 524.226
30608 524.277
30616 524.306
30624 524.312
30632 524.296
30640 524.258
30648 524.197
30656 524.115
30664 524.01
30672 523.884
30680 523.735
30688 523.566
30696 523.374
30704 523.162
30712 522.928
30720 522.673
30728 522.397
30736 522.1
30744 521.783
30752 521.444
30760 521.086
30768 520.707
30776 520.307
30784 519.887
30792 519.448
30800 518.988
30808 518.509
30816 518.01
30824 517.491
30832 516.953
30840 516.396
30848 515.819
30856 515.223
30864 514.608
30872 513.975
30880 513.323
30888 512.652
30896 511.962
30904 511.255
30912 510.529
30920 509.784
30928 509.022
30936 508.242
30944 507.444
30952 506.629
30960 505.796
30968 504.945
30976 504.078
30984 503.193
30992 502.291
31000 501.372
31008 500.436
31016 499.484
31024 498.515
31032 497.529
31040 496.527
31048 495.509
31056 494.475
31064 493.425
31072 492.359
31080 491.277
31088 490.18
31096 489.067
31104 487.939
31112 486.795
31120 485.637
31128 484.463
31136 483.274
31144 482.071
31152 480.853
31160 479.62
31168 478.373
31176 477.112
31184 475.836
31192 474.547
31200 473.243
31208 471.926
31216 470.595
31224 469.25
31232 467.892
31240 466.521
31248 465.136
31256 463.738
31264 462.327
31272 460.903
31280 459.467
31288 458.018
31296 456.556
31304 455.082
31312 453.596
31320 452.097
31328 450.587
31336 449.065
31344 447.53
31352 445.984
31360 444.427
31368 442.858
31376 441.278
31384 439.687
31392 438.084
31400 436.471
31408 434.846
31416 433.211
31424 431.566
31432 429.91
31440 428.243
31448 426.566
31456 424.879
31464 423.183
31472 421.476
31480 419.759
31488 418.033
31496 416.298
31504 414.552
31512 412.798
31520 411.035
31528 409.262
31536 407.48
31544 405.69
31552 403.891
31560 402.083
31568 400.267
31576 398.443
31584 396.61
31592 394.77
31600 392.921
31608 391.065
31616 389.2
31624 387.328
31632 385.449
31640 383.562
31648 381.668
31656 379.767
31664 377.859
31672 375.944
31680 374.022
31688 372.094
31696 370.159
31704 368.217
31712 366.27
31720 364.316
31728 362.356
31736 360.39
31744 358.418
31752 356.44
31760 354.457
31768 352.469
31776 350.475
31784 348.476
31792 346.472
31800 344.463
31808 342.449
31816 340.43
31824 338.406
31832 336.379
31840 334.346
31848 332.31
31856 330.269
31864 328.224
31872 326.176
31880 324.123
31888 322.067
31896 320.007
31904 317.944
31912 315.878
31920 313.808
31928 311.735
31936 309.66
31944 307.581
31952 305.5
31960 303.416
31968 301.33
31976 299.242
31984 297.151
31992 295.058
32000 292.963
32008 290.866
32016 288.767
32024 286.667
32032 284.565
32040 282.462
32048 280.358
32056 278.252
32064 276.146
32072 274.038
32080 271.93
32088 269.821
32096 267.711
32104 265.601
32112 263.491
32120 261.38
32128 259.269
32136 257.159
32144 255.048
32152 252.938
32160 250.828
32168 248.719
32176 246.61
32184 244.502
32192 242.395
32200 240.289
32208 238.184
32216 236.081
32224 233.978
32232 231.877
32240 229.778
32248 227.68
32256 225.585
32264 223.491
32272 221.399
32280 219.31
32288 217.222
32296 215.137
32304 213.055
32312 210.975
32320 208.899
32328 206.825
32336 204.754
32344 202.686
32352 200.621
32360 198.56
32368 196.503
32376 194.449
32384 192.398
32392 190.352
32400 188.31
32408 186.271
32416 184.237
32424 182.207
32432 180.182
32440 178.161
32448 176.145
32456 174.134
32464 172.128
32472 170.126
32480 168.13
32488 166.14
32496 164.154
32504 162.174
32512 160.2
32520 158.232
32528 156.269
32536 154.313
32544 152.362
32552 150.418
32560 148.481
32568 146.549
32576 144.625
32584 142.707
32592 140.796
32600 138.892
32608 136.994
32616 135.105
32624 133.222
32632 131.347
32640 129.48
32648 127.62
32656 125.768
32664 123.924
32672 122.088
32680 120.26
32688 118.44
32696 116.629
32704 114.826
32712 113.032
32720 111.247
32728 109.471
32736 107.703
32744 105.945
32752 104.196
32760 102.456
32768 100.726
32776 99.0057
32784 97.2948
32792 95.5938
32800 93.9027
32808 92.2217
32816 90.5509
32824 88.8904
32832 87.2403
32840 85.6008
32848 83.9719
32856 82.3539
32864 80.7468
32872 79.1507
32880 77.5657
32888 75.992
32896 74.4297
32904 72.8789
32912 71.3398
32920 69.8124
32928 68.2968
32936 66.7933
32944 65.3018
32952 63.8226
32960 62.3557
32968 60.9013
32976 59.4595
32984 58.0304
32992 56.614
33000 55.2104
33008 53.8195
33016 52.4412
33024 51.0755
33032 49.7223
33040 48.3817
33048 47.0535
33056 45.7378
33064 44.4344
33072 43.1434
33080 41.8647
33088 40.5982
33096 39.344
33104 38.1019
33112 36.8719
33120 35.654
33128 34.4481
33136 33.2542
33144 32.0723
33152 30.9023
33160 29.7441
33168 28.5978
33176 27.4632
33184 26.3404
33192 25.2292
33200 24.1297
33208 23.0418
33216 21.9654
33224 20.9006
33232 19.8472
33240 18.8053
33248 17.7747
33256 16.7555
33264 15.7476
33272 14.7509
33280 13.7654
33288 12.7911
33296 11.8279
33304 10.8758
33312 9.93478
33320 9.00471
33328 8.08559
33336 7.17738
33344 6.28003
33352 5.39349
33360 4.51773
33368 3.65271
33376 2.79837
33384 1.95467
33392 1.12158
33400 0.299045
33408 -0.512975
33416 -1.31452
33424 -2.10565
33432 -2.88638
33440 -3.65678
33448 -4.41688
33456 -5.16672
33464 -5.90635
33472 -6.63582
33480 -7.35516
33488 -8.06442
33496 -8.76365
33504 -9.45288
33512 -10.1322
33520 -10.8015
33528 -11.461
33536 -12.1107
33544 -12.7507
33552 -13.3808
33560 -14.0013
33568 -14.6122
33576 -15.2134
33584 -15.8051
33592 -16.3873
33600 -16.96
33608 -17.5232
33616 -18.0771
33624 -18.6216
33632 -19.1569
33640 -19.6829
33648 -20.1996
33656 -20.7072
33664 -21.2057
33672 -21.6951
33680 -22.1755
33688 -22.6468
33696 -23.1093
33704 -23.5628
33712 -24.0074
33720 -24.4432
33728 -24.8703
33736 -25.2886
33744 -25.6982
33752 -26.0991
33760 -26.4915
33768 -26.8753
33776 -27.2506
33784 -27.6174
33792 -27.9758
33800 -28.3258
33808 -28.6674
33816 -29.0008
33824 -29.3259
33832 -29.6428
33840 -29.9515
33848 -30.252
33856 -30.5445
33864 -30.829
33872 -31.1055
33880 -31.374
33888 -31.6346
33896 -31.8873
33904 -32.1322
33912 -32.3694
33920 -32.5988
33928 -32.8205
33936 -33.0345
33944 -33.241
33952 -33.4399
33960 -33.6312
33968 -33.8151
33976 -33.9916
33984 -34.1607
33992 -34.3224
34000 -34.4768
34008 -34.624
34016 -34.764
34024 -34.8968
34032 -35.0224
34040 -35.141
34048 -35.2525
34056 -35.3571
34064 -35.4546
34072 -35.5453
34080 -35.6291
34088 -35.7061
34096 -35.7763
34104 -35.8397
34112 -35.8965
34120 -35.9466
34128 -35.9901
34136 -36.0271
34144 -36.0575
34152 -36.0815
34160 -36.099
34168 -36.1101
34176 -36.1149
34184 -36.1134
34192 -36.1056
34200 -36.0916
34208 -36.0714
34216 -36.0451
34224 -36.0127
34232 -35.9743
34240 -35.9299
34248 -35.8795
34256 -35.8232
34264 -35.761
34272 -35.6931
34280 -35.6193
34288 -35.5398
34296 -35.4546
34304 -35.3637
34312 -35.2673
34320 -35.1652
34328 -35.0577
34336 -34.9447
34344 -34.8262
34352 -34.7023
34360 -34.5731
34368 -34.4386
34376 -34.2989
34384 -34.1539
34392 -34.0037
34400 -33.8485
34408 -33.6881
34416 -33.5227
34424 -33.3523
34432 -33.1769
34440 -32.9966
34448 -32.8114
34456 -32.6214
34464 -32.4267
34472 -32.2272
34480 -32.023
34488 -31.8141
34496 -31.6007
34504 -31.3826
34512 -31.1601
34520 -30.933
34528 -30.7016
34536 -30.4657
34544 -30.2255
34552 -29.981
34560 -29.7322
34568 -29.4792
34576 -29.222
34584 -28.9607
34592 -28.6953
34600 -28.4259
34608 -28.1525
34616 -27.8751
34624 -27.5937
34632 -27.3086
34640 -27.0196
34648 -26.7268
34656 -26.4302
34664 -26.13
34672 -25.8261
34680 -25.5186
34688 -25.2075
34696 -24.8929
34704 -24.5749
34712 -24.2534
34720 -23.9285
34728 -23.6002
34736 -23.2686
34744 -22.9338
34752 -22.5958
34760 -22.2546
34768 -21.9102
34776 -21.5628
34784 -21.2123
34792 -20.8588
34800 -20.5023
34808 -20.143
34816 -19.7807
34824 -19.4157
34832 -19.0478
34840 -18.6772
34848 -18.3039
34856 -17.928
34864 -17.5494
34872 -17.1683
34880 -16.7846
34888 -16.3985
34896 -16.0099
34904 -15.6189
34912 -15.2256
34920 -14.83
34928 -14.4321
34936 -14.0319
34944 -13.6296
34952 -13.2252
34960 -12.8187
34968 -12.4101
34976 -11.9995
34984 -11.587
34992 -11.1725
35000 -10.7562
35008 -10.3381
35016 -9.91812
35024 -9.49643
35032 -9.07304
35040 -8.64799
35048 -8.22134
35056 -7.79311
35064 -7.36335
35072 -6.93211
35080 -6.49943
35088 -6.06536
35096 -5.62993
35104 -5.19319
35112 -4.75518
35120 -4.31596
35128 -3.87555
35136 -3.43401
35144 -2.99137
35152 -2.54769
35160 -2.103
35168 -1.65735
35176 -1.21078
35184 -0.763334
35192 -0.315057
35200 0.134009
35208 0.58382
35216 1.03433
35224 1.4855
35232 1.93729
35240 2.38965
35248 2.84253
35256 3.2959
35264 3.74971
35272 4.20392
35280 4.65848
35288 5.11336
35296 5.5685
35304 6.02386
35312 6.47941
35320 6.93509
35328 7.39087
35336 7.8467
