0 213.059
8 212.083
16 211.108
24 210.133
32 209.157
40 208.183
48 207.208
56 206.234
64 205.261
72 204.288
80 203.317
88 202.345
96 201.375
104 200.406
112 199.438
120 198.471
128 197.505
136 196.541
144 195.578
152 194.616
160 193.656
168 192.698
176 191.741
184 190.786
192 189.833
200 188.882
208 187.933
216 186.987
224 186.042
232 185.1
240 184.16
248 183.222
256 182.288
264 181.355
272 180.426
280 179.499
288 178.575
296 177.654
304 176.736
312 175.822
320 174.91
328 174.002
336 173.097
344 172.195
352 171.297
360 170.403
368 169.512
376 168.626
384 167.743
392 166.863
400 165.988
408 165.117
416 164.251
424 163.388
432 162.53
440 161.676
448 160.827
456 159.983
464 159.143
472 158.308
480 157.477
488 156.652
496 155.832
504 155.016
512 154.206
520 153.402
528 152.602
536 151.808
544 151.019
552 150.236
560 149.459
568 148.687
576 147.922
584 147.162
592 146.408
600 145.66
608 144.919
616 144.183
624 143.454
632 142.732
640 142.015
648 141.306
656 140.603
664 139.907
672 139.217
680 138.535
688 137.859
696 137.191
704 136.529
712 135.875
720 135.228
728 134.589
736 133.957
744 133.333
752 132.716
760 132.107
768 131.506
776 130.912
784 130.327
792 129.75
800 129.181
808 128.62
816 128.067
824 127.523
832 126.987
840 126.459
848 125.941
856 125.431
864 124.929
872 124.437
880 123.954
888 123.479
896 123.014
904 122.558
912 122.111
920 121.674
928 121.246
936 120.827
944 120.418
952 120.019
960 119.63
968 119.25
976 118.881
984 118.521
992 118.172
1000 117.832
1008 117.503
1016 117.184
1024 116.876
1032 116.578
1040 116.291
1048 116.015
1056 115.749
1064 115.494
1072 115.25
1080 115.017
1088 114.795
1096 114.584
1104 114.385
1112 114.197
1120 114.02
1128 113.855
1136 113.701
1144 113.559
1152 113.429
1160 113.31
1168 113.204
1176 113.109
1184 113.027
1192 112.956
1200 112.897
1208 112.851
1216 112.816
1224 112.793
1232 112.781
1240 112.781
1248 112.792
1256 112.815
1264 112.849
1272 112.894
1280 112.95
1288 113.017
1296 113.095
1304 113.184
1312 113.284
1320 113.394
1328 113.515
1336 113.646
1344 113.788
1352 113.94
1360 114.102
1368 114.275
1376 114.457
1384 114.65
1392 114.852
1400 115.065
1408 115.287
1416 115.518
1424 115.759
1432 116.01
1440 116.27
1448 116.539
1456 116.818
1464 117.106
1472 117.402
1480 117.708
1488 118.022
1496 118.346
1504 118.678
1512 119.018
1520 119.368
1528 119.725
1536 120.091
1544 120.465
1552 120.848
1560 121.238
1568 121.637
1576 122.044
1584 122.458
1592 122.88
1600 123.31
1608 123.747
1616 124.192
1624 124.645
1632 125.104
1640 125.571
1648 126.045
1656 126.527
1664 127.015
1672 127.51
1680 128.012
1688 128.521
1696 129.036
1704 129.558
1712 130.086
1720 130.621
1728 131.162
1736 131.71
1744 132.263
1752 132.823
1760 133.388
1768 133.96
1776 134.537
1784 135.12
1792 135.709
1800 136.303
1808 136.903
1816 137.508
1824 138.118
1832 138.734
1840 139.354
1848 139.98
1856 140.611
1864 141.246
1872 141.887
1880 142.532
1888 143.181
1896 143.836
1904 144.494
1912 145.157
1920 145.824
1928 146.496
1936 147.172
1944 147.851
1952 148.535
1960 149.222
1968 149.913
1976 150.608
1984 151.306
1992 152.008
2000 152.714
2008 153.422
2016 154.134
2024 154.849
2032 155.568
2040 156.289
2048 157.013
2056 157.74
2064 158.47
2072 159.202
2080 159.937
2088 160.674
2096 161.414
2104 162.156
2112 162.901
2120 163.647
2128 164.396
2136 165.146
2144 165.899
2152 166.653
2160 167.409
2168 168.167
2176 168.926
2184 169.686
2192 170.448
2200 171.212
2208 171.976
2216 172.742
2224 173.508
2232 174.276
2240 175.045
2248 175.814
2256 176.584
2264 177.355
2272 178.126
2280 178.897
2288 179.669
2296 180.441
2304 181.214
2312 181.986
2320 182.759
2328 183.531
2336 184.304
2344 185.076
2352 185.848
2360 186.619
2368 187.39
2376 188.16
2384 188.93
2392 189.698
2400 190.466
2408 191.233
2416 191.999
2424 192.764
2432 193.527
2440 194.29
2448 195.05
2456 195.81
2464 196.567
2472 197.323
2480 198.077
2488 198.829
2496 199.579
2504 200.327
2512 201.073
2520 201.817
2528 202.558
2536 203.297
2544 204.033
2552 204.767
2560 205.497
2568 206.225
2576 206.95
2584 207.672
2592 208.391
2600 209.107
2608 209.819
2616 210.528
2624 211.233
2632 211.935
2640 212.633
2648 213.327
2656 214.018
2664 214.704
2672 215.387
2680 216.065
2688 216.739
2696 217.409
2704 218.074
2712 218.735
2720 219.391
2728 220.042
2736 220.688
2744 221.33
2752 221.967
2760 222.598
2768 223.224
2776 223.845
2784 224.461
2792 225.071
2800 225.676
2808 226.275
2816 226.868
2824 227.455
2832 228.037
2840 228.612
2848 229.181
2856 229.744
2864 230.301
2872 230.851
2880 231.395
2888 231.932
2896 232.462
2904 232.986
2912 233.503
2920 234.013
2928 234.515
2936 235.011
2944 235.499
2952 235.98
2960 236.454
2968 236.92
2976 237.378
2984 237.829
2992 238.272
3000 238.706
3008 239.133
3016 239.552
3024 239.963
3032 240.365
3040 240.759
3048 241.144
3056 241.521
3064 241.889
3072 242.249
3080 242.599
3088 242.941
3096 243.273
3104 243.597
3112 243.911
3120 244.216
3128 244.511
3136 244.797
3144 245.074
3152 245.34
3160 245.597
3168 245.844
3176 246.081
3184 246.308
3192 246.525
3200 246.731
3208 246.927
3216 247.113
3224 247.288
3232 247.452
3240 247.606
3248 247.749
3256 247.881
3264 248.002
3272 248.112
3280 248.211
3288 248.298
3296 248.374
3304 248.438
3312 248.491
3320 248.532
3328 248.562
3336 248.58
3344 248.585
3352 248.579
3360 248.56
3368 248.53
3376 248.486
3384 248.431
3392 248.363
3400 248.282
3408 248.189
3416 248.083
3424 247.964
3432 247.832
3440 247.686
3448 247.528
3456 247.357
3464 247.172
3472 246.973
3480 246.761
3488 246.536
3496 246.296
3504 246.043
3512 245.776
3520 245.495
3528 245.2
3536 244.89
3544 244.567
3552 244.229
3560 243.878
3568 243.512
3576 243.133
3584 242.741
3592 242.336
3600 241.918
3608 241.486
3616 241.042
3624 240.586
3632 240.117
3640 239.636
3648 239.143
3656 238.638
3664 238.122
3672 237.594
3680 237.055
3688 236.504
3696 235.943
3704 235.371
3712 234.788
3720 234.195
3728 233.592
3736 232.978
3744 232.354
3752 231.721
3760 231.078
3768 230.426
3776 229.764
3784 229.094
3792 228.414
3800 227.726
3808 227.029
3816 226.324
3824 225.611
3832 224.889
3840 224.16
3848 223.423
3856 222.678
3864 221.926
3872 221.167
3880 220.401
3888 219.628
3896 218.848
3904 218.062
3912 217.269
3920 216.471
3928 215.666
3936 214.855
3944 214.039
3952 213.218
3960 212.391
3968 211.559
3976 210.722
3984 209.88
3992 209.034
4000 208.183
4008 207.328
4016 206.468
4024 205.605
4032 204.738
4040 203.868
4048 202.994
4056 202.117
4064 201.237
4072 200.353
4080 199.468
4088 198.579
4096 197.688
4104 196.795
4112 195.9
4120 195.004
4128 194.105
4136 193.205
4144 192.303
4152 191.401
4160 190.497
4168 189.592
4176 188.687
4184 187.782
4192 186.876
4200 185.969
4208 185.063
4216 184.157
4224 183.252
4232 182.347
4240 181.442
4248 180.539
4256 179.637
4264 178.735
4272 177.836
4280 176.937
4288 176.041
4296 175.146
4304 174.254
4312 173.363
4320 172.476
4328 171.59
4336 170.708
4344 169.828
4352 168.952
4360 168.079
4368 167.209
4376 166.343
4384 165.48
4392 164.622
4400 163.768
4408 162.918
4416 162.073
4424 161.232
4432 160.396
4440 159.565
4448 158.739
4456 157.919
4464 157.104
4472 156.295
4480 155.491
4488 154.694
4496 153.903
4504 153.118
4512 152.34
4520 151.568
4528 150.804
4536 150.046
4544 149.296
4552 148.553
4560 147.817
4568 147.09
4576 146.37
4584 145.658
4592 144.955
4600 144.26
4608 143.574
4616 142.896
4624 142.227
4632 141.568
4640 140.918
4648 140.277
4656 139.646
4664 139.024
4672 138.413
4680 137.812
4688 137.221
4696 136.64
4704 136.071
4712 135.512
4720 134.964
4728 134.427
4736 133.9
4744 133.384
4752 132.879
4760 132.384
4768 131.899
4776 131.424
4784 130.959
4792 130.504
4800 130.058
4808 129.622
4816 129.195
4824 128.777
4832 128.368
4840 127.969
4848 127.578
4856 127.196
4864 126.822
4872 126.456
4880 126.099
4888 125.75
4896 125.409
4904 125.076
4912 124.75
4920 124.432
4928 124.121
4936 123.818
4944 123.522
4952 123.232
4960 122.95
4968 122.674
4976 122.405
4984 122.142
4992 121.886
5000 121.636
5008 121.391
5016 121.153
5024 120.92
5032 120.693
5040 120.472
5048 120.256
5056 120.045
5064 119.839
5072 119.638
5080 119.441
5088 119.25
5096 119.063
5104 118.88
5112 118.702
5120 118.527
5128 118.357
5136 118.19
5144 118.027
5152 117.868
5160 117.712
5168 117.559
5176 117.409
5184 117.263
5192 117.119
5200 116.978
5208 116.839
5216 116.703
5224 116.57
5232 116.438
5240 116.308
5248 116.181
5256 116.055
5264 115.931
5272 115.808
5280 115.686
5288 115.566
5296 115.447
5304 115.328
5312 115.211
5320 115.094
5328 114.977
5336 114.861
5344 114.746
5352 114.63
5360 114.514
5368 114.398
5376 114.282
5384 114.165
5392 114.048
5400 113.93
5408 113.811
5416 113.691
5424 113.57
5432 113.447
5440 113.324
5448 113.198
5456 113.071
5464 112.942
5472 112.811
5480 112.678
5488 112.543
5496 112.405
5504 112.265
5512 112.122
5520 111.977
5528 111.828
5536 111.676
5544 111.522
5552 111.363
5560 111.202
5568 111.036
5576 110.867
5584 110.694
5592 110.517
5600 110.336
5608 110.15
5616 109.96
5624 109.765
5632 109.566
5640 109.362
5648 109.152
5656 108.938
5664 108.718
5672 108.493
5680 108.262
5688 108.026
5696 107.784
5704 107.536
5712 107.281
5720 107.021
5728 106.754
5736 106.48
5744 106.2
5752 105.913
5760 105.619
5768 105.318
5776 105.01
5784 104.694
5792 104.371
5800 104.04
5808 103.702
5816 103.356
5824 103.001
5832 102.639
5840 102.268
5848 101.888
5856 101.5
5864 101.103
5872 100.698
5880 100.283
5888 99.8595
5896 99.4265
5904 98.9843
5912 98.533
5920 98.073
5928 97.6043
5936 97.1271
5944 96.6415
5952 96.1478
5960 95.6462
5968 95.1367
5976 94.6195
5984 94.0949
5992 93.563
6000 93.0239
6008 92.4779
6016 91.925
6024 91.3656
6032 90.7997
6040 90.2275
6048 89.6492
6056 89.0649
6064 88.4749
6072 87.8793
6080 87.2782
6088 86.6719
6096 86.0604
6104 85.4441
6112 84.8229
6120 84.1972
6128 83.5671
6136 82.9328
6144 82.2943
6152 81.652
6160 81.0059
6168 80.3563
6176 79.7032
6184 79.047
6192 78.3877
6200 77.7255
6208 77.0606
6216 76.3931
6224 75.7233
6232 75.0512
6240 74.3772
6248 73.7012
6256 73.0236
6264 72.3445
6272 71.6639
6280 70.9823
6288 70.2995
6296 69.616
6304 68.9318
6312 68.2471
6320 67.562
6328 66.8768
6336 66.1916
6344 65.5065
6352 64.8218
6360 64.1376
6368 63.4542
6376 62.7715
6384 62.0899
6392 61.4095
6400 60.7305
6408 60.053
6416 59.3772
6424 58.7032
6432 58.0314
6440 57.3617
6448 56.6945
6456 56.0297
6464 55.3678
6472 54.7087
6480 54.0527
6488 53.3999
6496 52.7505
6504 52.1047
6512 51.4627
6520 50.8245
6528 50.1905
6536 49.5607
6544 48.9354
6552 48.3146
6560 47.6986
6568 47.0876
6576 46.4816
6584 45.881
6592 45.2858
6600 44.6962
6608 44.1124
6616 43.5345
6624 42.9628
6632 42.3974
6640 41.8385
6648 41.2862
6656 40.7407
6664 40.2021
6672 39.6708
6680 39.1467
6688 38.6302
6696 38.1212
6704 37.6202
6712 37.1271
6720 36.6422
6728 36.1656
6736 35.6976
6744 35.2382
6752 34.7877
6760 34.3462
6768 33.9139
6776 33.4909
6784 33.0775
6792 32.6738
6800 32.2799
6808 31.8961
6816 31.5225
6824 31.1593
6832 30.8066
6840 30.4647
6848 30.1336
6856 29.8136
6864 29.5049
6872 29.2075
6880 28.9217
6888 28.6477
6896 28.3855
6904 28.1355
6912 27.8977
6920 27.6723
6928 27.4595
6936 27.2594
6944 27.0723
6952 26.8983
6960 26.7376
6968 26.5903
6976 26.4567
6984 26.3368
6992 26.2308
7000 26.139
7008 26.0615
7016 25.9984
7024 25.95
7032 25.9164
7040 25.8977
7048 25.8942
7056 25.906
7064 25.9333
7072 25.9762
7080 26.0348
7088 26.1088
7096 26.198
7104 26.3025
7112 26.4218
7120 26.5559
7128 26.7046
7136 26.8678
7144 27.0452
7152 27.2367
7160 27.4421
7168 27.6612
7176 27.8939
7184 28.14
7192 28.3993
7200 28.6717
7208 28.957
7216 29.255
7224 29.5655
7232 29.8884
7240 30.2234
7248 30.5706
7256 30.9295
7264 31.3002
7272 31.6823
7280 32.0758
7288 32.4804
7296 32.8961
7304 33.3226
7312 33.7597
7320 34.2073
7328 34.6652
7336 35.1332
7344 35.6112
7352 36.0991
7360 36.5965
7368 37.1034
7376 37.6195
7384 38.1448
7392 38.679
7400 39.2219
7408 39.7735
7416 40.3334
7424 40.9017
7432 41.478
7440 42.0622
7448 42.6541
7456 43.2536
7464 43.8605
7472 44.4746
7480 45.0957
7488 45.7238
7496 46.3585
7504 46.9998
7512 47.6474
7520 48.3012
7528 48.9611
7536 49.6267
7544 50.2981
7552 50.9749
7560 51.6571
7568 52.3445
7576 53.0368
7584 53.7339
7592 54.4357
7600 55.142
7608 55.8526
7616 56.5673
7624 57.2859
7632 58.0084
7640 58.7344
7648 59.4639
7656 60.1967
7664 60.9325
7672 61.6713
7680 62.4129
7688 63.157
7696 63.9036
7704 64.6524
7712 65.4032
7720 66.156
7728 66.9105
7736 67.6665
7744 68.4239
7752 69.1826
7760 69.9422
7768 70.7028
7776 71.464
7784 72.2258
7792 72.9879
7800 73.7502
7808 74.5125
7816 75.2747
7824 76.0365
7832 76.7978
7840 77.5584
7848 78.3182
7856 79.077
7864 79.8345
7872 80.5908
7880 81.3454
7888 82.0984
7896 82.8495
7904 83.5985
7912 84.3454
7920 85.0898
7928 85.8317
7936 86.5708
7944 87.307
7952 88.0402
7960 88.7701
7968 89.4965
7976 90.2194
7984 90.9385
7992 91.6537
8000 92.3648
8008 93.0715
8016 93.7739
8024 94.4716
8032 95.1645
8040 95.8524
8048 96.5352
8056 97.2127
8064 97.8847
8072 98.5511
8080 99.2116
8088 99.8662
8096 100.515
8104 101.157
8112 101.792
8120 102.421
8128 103.043
8136 103.658
8144 104.266
8152 104.866
8160 105.459
8168 106.044
8176 106.621
8184 107.19
8192 107.751
8200 108.304
8208 108.848
8216 109.383
8224 109.909
8232 110.427
8240 110.935
8248 111.433
8256 111.922
8264 112.402
8272 112.872
8280 113.333
8288 113.785
8296 114.228
8304 114.662
8312 115.087
8320 115.504
8328 115.912
8336 116.311
8344 116.702
8352 117.084
8360 117.458
8368 117.824
8376 118.182
8384 118.532
8392 118.874
8400 119.209
8408 119.535
8416 119.854
8424 120.166
8432 120.47
8440 120.767
8448 121.057
8456 121.339
8464 121.615
8472 121.884
8480 122.145
8488 122.401
8496 122.649
8504 122.891
8512 123.127
8520 123.356
8528 123.579
8536 123.796
8544 124.007
8552 124.212
8560 124.411
8568 124.604
8576 124.792
8584 124.974
8592 125.151
8600 125.322
8608 125.488
8616 125.649
8624 125.805
8632 125.955
8640 126.101
8648 126.243
8656 126.379
8664 126.511
8672 126.638
8680 126.761
8688 126.88
8696 126.994
8704 127.105
8712 127.211
8720 127.313
8728 127.412
8736 127.507
8744 127.598
8752 127.686
8760 127.77
8768 127.851
8776 127.929
8784 128.003
8792 128.075
8800 128.144
8808 128.209
8816 128.272
8824 128.333
8832 128.39
8840 128.446
8848 128.498
8856 128.549
8864 128.598
8872 128.644
8880 128.688
8888 128.731
8896 128.771
8904 128.81
8912 128.848
8920 128.884
8928 128.918
8936 128.951
8944 128.983
8952 129.014
8960 129.044
8968 129.073
8976 129.101
8984 129.128
8992 129.155
9000 129.181
9008 129.207
9016 129.232
9024 129.258
9032 129.283
9040 129.307
9048 129.332
9056 129.358
9064 129.383
9072 129.409
9080 129.435
9088 129.461
9096 129.489
9104 129.516
9112 129.545
9120 129.575
9128 129.606
9136 129.637
9144 129.67
9152 129.705
9160 129.74
9168 129.778
9176 129.816
9184 129.857
9192 129.899
9200 129.943
9208 129.989
9216 130.037
9224 130.088
9232 130.14
9240 130.195
9248 130.252
9256 130.312
9264 130.375
9272 130.44
9280 130.508
9288 130.579
9296 130.653
9304 130.731
9312 130.811
9320 130.895
9328 130.982
9336 131.073
9344 131.167
9352 131.265
9360 131.367
9368 131.473
9376 131.583
9384 131.696
9392 131.814
9400 131.937
9408 132.063
9416 132.195
9424 132.33
9432 132.471
9440 132.616
9448 132.765
9456 132.92
9464 133.079
9472 133.242
9480 133.41
9488 133.583
9496 133.76
9504 133.942
9512 134.128
9520 134.318
9528 134.513
9536 134.713
9544 134.917
9552 135.126
9560 135.338
9568 135.556
9576 135.777
9584 136.003
9592 136.234
9600 136.468
9608 136.707
9616 136.95
9624 137.198
9632 137.45
9640 137.706
9648 137.966
9656 138.231
9664 138.499
9672 138.772
9680 139.049
9688 139.331
9696 139.616
9704 139.905
9712 140.199
9720 140.497
9728 140.798
9736 141.104
9744 141.414
9752 141.728
9760 142.046
9768 142.368
9776 142.694
9784 143.023
9792 143.357
9800 143.695
9808 144.037
9816 144.382
9824 144.732
9832 145.085
9840 145.442
9848 145.803
9856 146.168
9864 146.536
9872 146.909
9880 147.285
9888 147.665
9896 148.048
9904 148.436
9912 148.827
9920 149.222
9928 149.62
9936 150.022
9944 150.428
9952 150.837
9960 151.251
9968 151.667
9976 152.087
9984 152.511
9992 152.938
10000 153.369
10008 153.804
10016 154.241
10024 154.683
10032 155.128
10040 155.576
10048 156.028
10056 156.483
10064 156.941
10072 157.403
10080 157.869
10088 158.337
10096 158.809
10104 159.285
10112 159.763
10120 160.245
10128 160.73
10136 161.219
10144 161.711
10152 162.206
10160 162.704
10168 163.205
10176 163.71
10184 164.218
10192 164.728
10200 165.242
10208 165.76
10216 166.28
10224 166.803
10232 167.33
10240 167.859
10248 168.392
10256 168.927
10264 169.466
10272 170.007
10280 170.552
10288 171.099
10296 171.65
10304 172.203
10312 172.759
10320 173.319
10328 173.881
10336 174.446
10344 175.013
10352 175.584
10360 176.158
10368 176.734
10376 177.313
10384 177.895
10392 178.479
10400 179.066
10408 179.656
10416 180.249
10424 180.845
10432 181.443
10440 182.043
10448 182.647
10456 183.253
10464 183.862
10472 184.473
10480 185.087
10488 185.703
10496 186.322
10504 186.943
10512 187.567
10520 188.194
10528 188.823
10536 189.454
10544 190.088
10552 190.724
10560 191.363
10568 192.004
10576 192.648
10584 193.294
10592 193.942
10600 194.593
10608 195.246
10616 195.901
10624 196.558
10632 197.217
10640 197.878
10648 198.541
10656 199.205
10664 199.87
10672 200.537
10680 201.204
10688 201.873
10696 202.542
10704 203.212
10712 203.883
10720 204.554
10728 205.225
10736 205.896
10744 206.567
10752 207.238
10760 207.909
10768 208.579
10776 209.249
10784 209.918
10792 210.586
10800 211.252
10808 211.918
10816 212.582
10824 213.245
10832 213.906
10840 214.566
10848 215.224
10856 215.879
10864 216.533
10872 217.184
10880 217.832
10888 218.478
10896 219.122
10904 219.762
10912 220.4
10920 221.034
10928 221.665
10936 222.292
10944 222.916
10952 223.536
10960 224.153
10968 224.765
10976 225.373
10984 225.977
10992 226.576
11000 227.171
11008 227.761
11016 228.347
11024 228.927
11032 229.502
11040 230.072
11048 230.636
11056 231.195
11064 231.749
11072 232.296
11080 232.837
11088 233.372
11096 233.901
11104 234.424
11112 234.94
11120 235.449
11128 235.952
11136 236.447
11144 236.936
11152 237.417
11160 237.891
11168 238.357
11176 238.815
11184 239.266
11192 239.709
11200 240.143
11208 240.57
11216 240.988
11224 241.397
11232 241.798
11240 242.19
11248 242.573
11256 242.947
11264 243.312
11272 243.667
11280 244.013
11288 244.349
11296 244.675
11304 244.992
11312 245.298
11320 245.594
11328 245.88
11336 246.155
11344 246.42
11352 246.673
11360 246.916
11368 247.148
11376 247.369
11384 247.578
11392 247.776
11400 247.962
11408 248.136
11416 248.299
11424 248.449
11432 248.587
11440 248.713
11448 248.826
11456 248.927
11464 249.015
11472 249.09
11480 249.152
11488 249.201
11496 249.237
11504 249.259
11512 249.267
11520 249.262
11528 249.243
11536 249.209
11544 249.162
11552 249.1
11560 249.024
11568 248.933
11576 248.828
11584 248.707
11592 248.572
11600 248.421
11608 248.255
11616 248.074
11624 247.877
11632 247.664
11640 247.436
11648 247.191
11656 246.93
11664 246.653
11672 246.36
11680 246.05
11688 245.723
11696 245.38
11704 245.019
11712 244.641
11720 244.246
11728 243.834
11736 243.404
11744 242.956
11752 242.491
11760 242.007
11768 241.505
11776 240.985
11784 240.447
11792 239.89
11800 239.316
11808 238.723
11816 238.113
11824 237.486
11832 236.842
11840 236.181
11848 235.504
11856 234.81
11864 234.101
11872 233.376
11880 232.636
11888 231.88
11896 231.11
11904 230.325
11912 229.526
11920 228.712
11928 227.885
11936 227.045
11944 226.191
11952 225.324
11960 224.445
11968 223.553
11976 222.649
11984 221.733
11992 220.805
12000 219.866
12008 218.916
12016 217.955
12024 216.983
12032 216.002
12040 215.01
12048 214.008
12056 212.997
12064 211.976
12072 210.947
12080 209.909
12088 208.862
12096 207.807
12104 206.745
12112 205.674
12120 204.596
12128 203.512
12136 202.42
12144 201.322
12152 200.217
12160 199.106
12168 197.99
12176 196.868
12184 195.741
12192 194.608
12200 193.472
12208 192.33
12216 191.185
12224 190.035
12232 188.882
12240 187.725
12248 186.566
12256 185.403
12264 184.238
12272 183.071
12280 181.901
12288 180.73
12296 179.557
12304 178.383
12312 177.208
12320 176.032
12328 174.856
12336 173.68
12344 172.503
12352 171.327
12360 170.152
12368 168.978
12376 167.804
12384 166.632
12392 165.462
12400 164.294
12408 163.127
12416 161.964
12424 160.803
12432 159.645
12440 158.49
12448 157.339
12456 156.192
12464 155.048
12472 153.909
12480 152.775
12488 151.646
12496 150.521
12504 149.402
12512 148.289
12520 147.182
12528 146.081
12536 144.986
12544 143.898
12552 142.817
12560 141.743
12568 140.677
12576 139.619
12584 138.569
12592 137.527
12600 136.493
12608 135.469
12616 134.454
12624 133.448
12632 132.451
12640 131.465
12648 130.489
12656 129.523
12664 128.568
12672 127.624
12680 126.691
12688 125.77
12696 124.861
12704 123.963
12712 123.078
12720 122.206
12728 121.346
12736 120.5
12744 119.667
12752 118.847
12760 118.042
12768 117.251
12776 116.474
12784 115.712
12792 114.965
12800 114.233
12808 113.516
12816 112.816
12824 112.131
12832 111.463
12840 110.811
12848 110.177
12856 109.559
12864 108.959
12872 108.376
12880 107.812
12888 107.265
12896 106.737
12904 106.228
12912 105.737
12920 105.266
12928 104.815
12936 104.383
12944 103.971
12952 103.58
12960 103.209
12968 102.859
12976 102.529
12984 102.22
12992 101.931
13000 101.662
13008 101.413
13016 101.183
13024 100.974
13032 100.783
13040 100.612
13048 100.46
13056 100.327
13064 100.213
13072 100.118
13080 100.041
13088 99.9818
13096 99.9412
13104 99.9186
13112 99.9139
13120 99.9269
13128 99.9574
13136 100.005
13144 100.07
13152 100.153
13160 100.252
13168 100.368
13176 100.5
13184 100.649
13192 100.814
13200 100.995
13208 101.193
13216 101.406
13224 101.634
13232 101.878
13240 102.138
13248 102.413
13256 102.702
13264 103.007
13272 103.326
13280 103.66
13288 104.008
13296 104.371
13304 104.747
13312 105.137
13320 105.542
13328 105.959
13336 106.391
13344 106.835
13352 107.293
13360 107.763
13368 108.247
13376 108.743
13384 109.251
13392 109.772
13400 110.305
13408 110.85
13416 111.407
13424 111.976
13432 112.556
13440 113.148
13448 113.75
13456 114.364
13464 114.989
13472 115.625
13480 116.271
13488 116.927
13496 117.594
13504 118.271
13512 118.958
13520 119.655
13528 120.362
13536 121.078
13544 121.803
13552 122.538
13560 123.281
13568 124.034
13576 124.795
13584 125.565
13592 126.343
13600 127.129
13608 127.924
13616 128.726
13624 129.536
13632 130.354
13640 131.179
13648 132.011
13656 132.851
13664 133.698
13672 134.551
13680 135.411
13688 136.278
13696 137.151
13704 138.03
13712 138.915
13720 139.806
13728 140.703
13736 141.605
13744 142.513
13752 143.426
13760 144.344
13768 145.267
13776 146.195
13784 147.127
13792 148.064
13800 149.005
13808 149.951
13816 150.9
13824 151.853
13832 152.81
13840 153.77
13848 154.734
13856 155.701
13864 156.671
13872 157.644
13880 158.619
13888 159.597
13896 160.578
13904 161.56
13912 162.545
13920 163.532
13928 164.521
13936 165.511
13944 166.503
13952 167.496
13960 168.49
13968 169.485
13976 170.481
13984 171.477
13992 172.475
14000 173.472
14008 174.47
14016 175.467
14024 176.465
14032 177.463
14040 178.46
14048 179.456
14056 180.452
14064 181.446
14072 182.44
14080 183.432
14088 184.424
14096 185.413
14104 186.401
14112 187.387
14120 188.371
14128 189.353
14136 190.333
14144 191.31
14152 192.284
14160 193.256
14168 194.225
14176 195.191
14184 196.154
14192 197.114
14200 198.07
14208 199.024
14216 199.973
14224 200.919
14232 201.861
14240 202.8
14248 203.734
14256 204.664
14264 205.59
14272 206.512
14280 207.429
14288 208.342
14296 209.25
14304 210.153
14312 211.051
14320 211.944
14328 212.832
14336 213.715
14344 214.592
14352 215.464
14360 216.33
14368 217.19
14376 218.045
14384 218.893
14392 219.735
14400 220.572
14408 221.401
14416 222.225
14424 223.041
14432 223.852
14440 224.655
14448 225.451
14456 226.24
14464 227.023
14472 227.797
14480 228.565
14488 229.325
14496 230.077
14504 230.822
14512 231.558
14520 232.287
14528 233.008
14536 233.72
14544 234.424
14552 235.12
14560 235.806
14568 236.485
14576 237.154
14584 237.815
14592 238.466
14600 239.109
14608 239.742
14616 240.366
14624 240.98
14632 241.584
14640 242.179
14648 242.764
14656 243.339
14664 243.904
14672 244.459
14680 245.003
14688 245.537
14696 246.06
14704 246.573
14712 247.075
14720 247.565
14728 248.045
14736 248.514
14744 248.971
14752 249.417
14760 249.852
14768 250.275
14776 250.686
14784 251.085
14792 251.473
14800 251.848
14808 252.211
14816 252.562
14824 252.9
14832 253.225
14840 253.538
14848 253.839
14856 254.126
14864 254.4
14872 254.661
14880 254.909
14888 255.144
14896 255.364
14904 255.572
14912 255.765
14920 255.945
14928 256.111
14936 256.262
14944 256.4
14952 256.523
14960 256.632
14968 256.726
14976 256.805
14984 256.87
14992 256.92
15000 256.954
15008 256.974
15016 256.978
15024 256.967
15032 256.941
15040 256.898
15048 256.84
15056 256.767
15064 256.677
15072 256.571
15080 256.449
15088 256.311
15096 256.156
15104 255.984
15112 255.796
15120 255.592
15128 255.37
15136 255.131
15144 254.875
15152 254.602
15160 254.312
15168 254.004
15176 253.678
15184 253.334
15192 252.973
15200 252.594
15208 252.197
15216 251.781
15224 251.348
15232 250.895
15240 250.425
15248 249.935
15256 249.427
15264 248.9
15272 248.354
15280 247.788
15288 247.204
15296 246.6
15304 245.976
15312 245.266
15320 244.671
15328 243.989
15336 243.287
15344 242.567
15352 241.828
15360 241.071
15368 240.296
15376 239.503
15384 238.693
15392 237.865
15400 237.021
15408 236.16
15416 235.283
15424 234.389
15432 233.481
15440 232.556
15448 231.617
15456 230.663
15464 229.694
15472 228.711
15480 227.714
15488 226.704
15496 225.68
15504 224.643
15512 223.593
15520 222.531
15528 221.457
15536 220.371
15544 219.273
15552 218.164
15560 217.043
15568 215.912
15576 214.771
15584 213.619
15592 212.458
15600 211.287
15608 210.107
15616 208.917
15624 207.72
15632 206.513
15640 205.299
15648 204.076
15656 202.847
15664 201.61
15672 200.366
15680 199.115
15688 197.858
15696 196.595
15704 195.326
15712 194.052
15720 192.772
15728 191.488
15736 190.198
15744 188.905
15752 187.608
15760 186.306
15768 185.002
15776 183.694
15784 182.383
15792 181.07
15800 179.755
15808 178.437
15816 177.118
15824 175.797
15832 174.476
15840 173.153
15848 171.83
15856 170.507
15864 169.183
15872 167.86
15880 166.538
15888 165.217
15896 163.896
15904 162.578
15912 161.261
15920 159.946
15928 158.634
15936 157.324
15944 156.017
15952 154.713
15960 153.413
15968 152.117
15976 150.825
15984 149.537
15992 148.255
16000 146.977
16008 145.704
16016 144.437
16024 143.176
16032 141.921
16040 140.672
16048 139.43
16056 138.196
16064 136.968
16072 135.748
16080 134.536
16088 133.333
16096 132.138
16104 130.951
16112 129.774
16120 128.606
16128 127.448
16136 126.299
16144 125.161
16152 124.034
16160 122.917
16168 121.811
16176 120.717
16184 119.634
16192 118.564
16200 117.506
16208 116.46
16216 115.427
16224 114.408
16232 113.401
16240 112.409
16248 111.431
16256 110.467
16264 109.517
16272 108.582
16280 107.663
16288 106.759
16296 105.871
16304 104.999
16312 104.144
16320 103.305
16328 102.482
16336 101.678
16344 100.89
16352 100.121
16360 99.3695
16368 98.6366
16376 97.9223
16384 97.2271
16392 96.5511
16400 95.8947
16408 95.2581
16416 94.6417
16424 94.0457
16432 93.4705
16440 92.9163
16448 92.3834
16456 91.8722
16464 91.3828
16472 90.9156
16480 90.4709
16488 90.049
16496 89.6501
16504 89.2742
16512 88.9211
16520 88.5905
16528 88.2822
16536 87.996
16544 87.7316
16552 87.4887
16560 87.2673
16568 87.0669
16576 86.8874
16584 86.7285
16592 86.59
16600 86.4717
16608 86.3732
16616 86.2945
16624 86.2352
16632 86.1951
16640 86.174
16648 86.1716
16656 86.1876
16664 86.222
16672 86.2743
16680 86.3445
16688 86.4321
16696 86.5371
16704 86.6591
16712 86.7979
16720 86.9534
16728 87.1251
16736 87.313
16744 87.5168
16752 87.7362
16760 87.971
16768 88.2209
16776 88.4858
16784 88.7654
16792 89.0594
16800 89.3676
16808 89.6898
16816 90.0257
16824 90.3751
16832 90.7377
16840 91.1134
16848 91.5019
16856 91.9029
16864 92.3162
16872 92.7415
16880 93.1787
16888 93.6275
16896 94.0877
16904 94.5589
16912 95.0411
16920 95.5338
16928 96.037
16936 96.5504
16944 97.0736
16952 97.6066
16960 98.149
16968 98.7006
16976 99.2612
16984 99.8305
16992 100.408
17000 100.994
17008 101.589
17016 102.19
17024 102.8
17032 103.417
17040 104.04
17048 104.671
17056 105.308
17064 105.952
17072 106.602
17080 107.257
17088 107.919
17096 108.585
17104 109.257
17112 109.934
17120 110.615
17128 111.301
17136 111.991
17144 112.685
17152 113.383
17160 114.085
17168 114.789
17176 115.497
17184 116.207
17192 116.92
17200 117.636
17208 118.353
17216 119.072
17224 119.793
17232 120.515
17240 121.238
17248 121.963
17256 122.688
17264 123.413
17272 124.138
17280 124.864
17288 125.589
17296 126.313
17304 127.037
17312 127.76
17320 128.481
17328 129.201
17336 129.919
17344 130.636
17352 131.35
17360 132.061
17368 132.77
17376 133.476
17384 134.179
17392 134.879
17400 135.574
17408 136.266
17416 136.954
17424 137.638
17432 138.317
17440 138.991
17448 139.66
17456 140.324
17464 140.982
17472 141.634
17480 142.281
17488 142.921
17496 143.555
17504 144.182
17512 144.802
17520 145.415
17528 146.02
17536 146.618
17544 147.207
17552 147.789
17560 148.362
17568 148.927
17576 149.483
17584 150.029
17592 150.567
17600 151.094
17608 151.612
17616 152.12
17624 152.618
17632 153.105
17640 153.581
17648 154.046
17656 154.5
17664 154.943
17672 155.374
17680 155.793
17688 156.2
17696 156.596
17704 156.98
17712 157.353
17720 157.715
17728 158.065
17736 158.405
17744 158.733
17752 159.051
17760 159.358
17768 159.655
17776 159.941
17784 160.217
17792 160.483
17800 160.738
17808 160.984
17816 161.22
17824 161.445
17832 161.662
17840 161.868
17848 162.066
17856 162.254
17864 162.433
17872 162.602
17880 162.763
17888 162.915
17896 163.058
17904 163.193
17912 163.319
17920 163.437
17928 163.546
17936 163.648
17944 163.741
17952 163.826
17960 163.903
17968 163.973
17976 164.035
17984 164.09
17992 164.137
18000 164.177
18008 164.21
18016 164.236
18024 164.255
18032 164.267
18040 164.273
18048 164.272
18056 164.264
18064 164.25
18072 164.23
18080 164.204
18088 164.172
18096 164.134
18104 164.09
18112 164.04
18120 163.985
18128 163.925
18136 163.859
18144 163.788
18152 163.712
18160 163.631
18168 163.545
18176 163.454
18184 163.359
18192 163.259
18200 163.155
18208 163.046
18216 162.934
18224 162.817
18232 162.696
18240 162.572
18248 162.443
18256 162.312
18264 162.176
18272 162.037
18280 161.895
18288 161.75
18296 161.602
18304 161.451
18312 161.297
18320 161.14
18328 160.981
18336 160.82
18344 160.656
18352 160.489
18360 160.321
18368 160.151
18376 159.978
18384 159.804
18392 159.628
18400 159.451
18408 159.272
18416 159.092
18424 158.911
18432 158.729
18440 158.545
18448 158.361
18456 158.176
18464 157.99
18472 157.804
18480 157.618
18488 157.431
18496 157.244
18504 157.056
18512 156.869
18520 156.682
18528 156.496
18536 156.309
18544 156.124
18552 155.938
18560 155.754
18568 155.57
18576 155.387
18584 155.206
18592 155.025
18600 154.846
18608 154.668
18616 154.492
18624 154.318
18632 154.145
18640 153.974
18648 153.805
18656 153.638
18664 153.473
18672 153.311
18680 153.151
18688 152.993
18696 152.839
18704 152.687
18712 152.537
18720 152.391
18728 152.248
18736 152.109
18744 151.972
18752 151.839
18760 151.71
18768 151.584
18776 151.462
18784 151.344
18792 151.23
18800 151.12
18808 151.015
18816 150.914
18824 150.817
18832 150.725
18840 150.637
18848 150.555
18856 150.477
18864 150.405
18872 150.337
18880 150.274
18888 150.217
18896 150.164
18904 150.117
18912 150.075
18920 150.038
18928 150.006
18936 149.98
18944 149.958
18952 149.943
18960 149.932
18968 149.928
18976 149.928
18984 149.934
18992 149.946
19000 149.963
19008 149.986
19016 150.014
19024 150.049
19032 150.088
19040 150.134
19048 150.186
19056 150.243
19064 150.306
19072 150.375
19080 150.45
19088 150.531
19096 150.618
19104 150.711
19112 150.81
19120 150.916
19128 151.027
19136 151.145
19144 151.269
19152 151.399
19160 151.535
19168 151.678
19176 151.828
19184 151.983
19192 152.145
19200 152.314
19208 152.489
19216 152.671
19224 152.859
19232 153.054
19240 153.255
19248 153.464
19256 153.679
19264 153.901
19272 154.129
19280 154.365
19288 154.607
19296 154.856
19304 155.113
19312 155.376
19320 155.646
19328 155.924
19336 156.208
19344 156.5
19352 156.799
19360 157.105
19368 157.418
19376 157.739
19384 158.067
19392 158.402
19400 158.745
19408 159.095
19416 159.453
19424 159.818
19432 160.191
19440 160.571
19448 160.959
19456 161.354
19464 161.758
19472 162.169
19480 162.587
19488 163.014
19496 163.448
19504 163.891
19512 164.341
19520 164.799
19528 165.265
19536 165.739
19544 166.222
19552 166.712
19560 167.21
19568 167.717
19576 168.232
19584 168.755
19592 169.286
19600 169.826
19608 170.374
19616 170.93
19624 171.495
19632 172.068
19640 172.65
19648 173.24
19656 173.839
19664 174.447
19672 175.063
19680 175.688
19688 176.321
19696 176.964
19704 177.615
19712 178.274
19720 178.943
19728 179.621
19736 180.307
19744 181.003
19752 181.708
19760 182.421
19768 183.144
19776 183.876
19784 184.617
19792 185.367
19800 186.126
19808 186.895
19816 187.673
19824 188.46
19832 189.257
19840 190.063
19848 190.878
19856 191.703
19864 192.538
19872 193.382
19880 194.235
19888 195.099
19896 195.971
19904 196.854
19912 197.746
19920 198.649
19928 199.561
19936 200.482
19944 201.414
19952 202.356
19960 203.307
19968 204.269
19976 205.24
19984 206.222
19992 207.214
20000 208.215
20008 209.227
20016 210.25
20024 211.342
20032 212.325
20040 213.378
20048 214.44
20056 215.512
20064 216.593
20072 217.683
20080 218.782
20088 219.889
20096 221.004
20104 222.127
20112 223.257
20120 224.395
20128 225.539
20136 226.69
20144 227.848
20152 229.012
20160 230.181
20168 231.356
20176 232.537
20184 233.722
20192 234.912
20200 236.106
20208 237.305
20216 238.507
20224 239.713
20232 240.923
20240 242.135
20248 243.35
20256 244.568
20264 245.788
20272 247.009
20280 248.233
20288 249.457
20296 250.683
20304 251.909
20312 253.136
20320 254.364
20328 255.591
20336 256.818
20344 258.044
20352 259.269
20360 260.494
20368 261.716
20376 262.937
20384 264.156
20392 265.373
20400 266.587
20408 267.799
20416 269.007
20424 270.212
20432 271.413
20440 272.61
20448 273.803
20456 274.991
20464 276.175
20472 277.353
20480 278.526
20488 279.694
20496 280.855
20504 282.01
20512 283.159
20520 284.301
20528 285.436
20536 286.564
20544 287.684
20552 288.796
20560 289.901
20568 290.996
20576 292.083
20584 293.161
20592 294.23
20600 295.289
20608 296.338
20616 297.377
20624 298.406
20632 299.424
20640 300.431
20648 301.426
20656 302.411
20664 303.383
20672 304.344
20680 305.292
20688 306.227
20696 307.15
20704 308.059
20712 308.955
20720 309.837
20728 310.705
20736 311.558
20744 312.398
20752 313.222
20760 314.031
20768 314.824
20776 315.602
20784 316.364
20792 317.11
20800 317.839
20808 318.551
20816 319.246
20824 319.924
20832 320.584
20840 321.226
20848 321.85
20856 322.456
20864 323.042
20872 323.61
20880 324.158
20888 324.686
20896 325.195
20904 325.683
20912 326.151
20920 326.599
20928 327.025
20936 327.43
20944 327.813
20952 328.174
20960 328.513
20968 328.83
20976 329.124
20984 329.395
20992 329.643
21000 329.868
21008 330.068
21016 330.244
21024 330.396
21032 330.524
21040 330.626
21048 330.703
21056 330.755
21064 330.781
21072 330.78
21080 330.754
21088 330.7
21096 330.62
21104 330.513
21112 330.378
21120 330.216
21128 330.025
21136 329.806
21144 329.559
21152 329.283
21160 328.977
21168 328.642
21176 328.278
21184 327.883
21192 327.458
21200 327.003
21208 326.517
21216 326
21224 325.453
21232 324.877
21240 324.271
21248 323.637
21256 322.974
21264 322.284
21272 321.566
21280 320.821
21288 320.05
21296 319.254
21304 318.431
21312 317.584
21320 316.712
21328 315.816
21336 314.897
21344 313.954
21352 312.989
21360 312.001
21368 310.992
21376 309.961
21384 308.91
21392 307.838
21400 306.747
21408 305.636
21416 304.506
21424 303.358
21432 302.191
21440 301.007
21448 299.806
21456 298.589
21464 297.355
21472 296.106
21480 294.841
21488 293.562
21496 292.268
21504 290.961
21512 289.64
21520 288.306
21528 286.96
21536 285.602
21544 284.232
21552 282.852
21560 281.46
21568 280.059
21576 278.648
21584 277.228
21592 275.8
21600 274.363
21608 272.918
21616 271.466
21624 270.007
21632 268.542
21640 267.07
21648 265.594
21656 264.112
21664 262.626
21672 261.136
21680 259.642
21688 258.146
21696 256.646
21704 255.145
21712 253.641
21720 252.137
21728 250.631
21736 249.125
21744 247.62
21752 246.115
21760 244.611
21768 243.109
21776 241.609
21784 240.111
21792 238.616
21800 237.124
21808 235.637
21816 234.153
21824 232.675
21832 231.202
21840 229.734
21848 228.273
21856 226.819
21864 225.371
21872 223.931
21880 222.499
21888 221.076
21896 219.662
21904 218.257
21912 216.862
21920 215.478
21928 214.104
21936 212.742
21944 211.391
21952 210.053
21960 208.727
21968 207.415
21976 206.116
21984 204.831
21992 203.561
22000 202.306
22008 201.067
22016 199.843
22024 198.636
22032 197.446
22040 196.273
22048 195.118
22056 193.982
22064 192.864
22072 191.765
22080 190.686
22088 189.627
22096 188.589
22104 187.572
22112 186.577
22120 185.603
22128 184.652
22136 183.724
22144 182.82
22152 181.939
22160 181.083
22168 180.251
22176 179.445
22184 178.664
22192 177.91
22200 177.182
22208 176.482
22216 175.809
22224 175.164
22232 174.548
22240 173.961
22248 173.403
22256 172.876
22264 172.378
22272 171.912
22280 171.477
22288 171.073
22296 170.702
22304 170.364
22312 170.059
22320 169.787
22328 169.55
22336 169.347
22344 169.18
22352 169.047
22360 168.951
22368 168.892
22376 168.869
22384 168.884
22392 168.936
22400 169.024
22408 169.15
22416 169.311
22424 169.508
22432 169.739
22440 170.005
22448 170.305
22456 170.638
22464 171.004
22472 171.402
22480 171.832
22488 172.294
22496 172.786
22504 173.309
22512 173.862
22520 174.444
22528 175.055
22536 175.694
22544 176.361
22552 177.055
22560 177.776
22568 178.524
22576 179.297
22584 180.096
22592 180.919
22600 181.767
22608 182.639
22616 183.534
22624 184.451
22632 185.391
22640 186.353
22648 187.336
22656 188.34
22664 189.364
22672 190.408
22680 191.472
22688 192.554
22696 193.654
22704 194.772
22712 195.907
22720 197.059
22728 198.228
22736 199.412
22744 200.611
22752 201.825
22760 203.053
22768 204.295
22776 205.551
22784 206.819
22792 208.099
22800 209.391
22808 210.694
22816 212.008
22824 213.332
22832 214.666
22840 216.009
22848 217.361
22856 218.721
22864 220.088
22872 221.463
22880 222.845
22888 224.232
22896 225.626
22904 227.024
22912 228.428
22920 229.835
22928 231.246
22936 232.66
22944 234.077
22952 235.496
22960 236.917
22968 238.339
22976 239.761
22984 241.184
22992 242.606
23000 244.028
23008 245.448
23016 246.866
23024 248.282
23032 249.695
23040 251.104
23048 252.51
23056 253.911
23064 255.307
23072 256.698
23080 258.083
23088 259.462
23096 260.834
23104 262.198
23112 263.555
23120 264.903
23128 266.242
23136 267.571
23144 268.891
23152 270.2
23160 271.499
23168 272.786
23176 274.061
23184 275.323
23192 276.573
23200 277.809
23208 279.031
23216 280.239
23224 281.431
23232 282.609
23240 283.77
23248 284.915
23256 286.043
23264 287.153
23272 288.246
23280 289.319
23288 290.374
23296 291.41
23304 292.425
23312 293.42
23320 294.394
23328 295.346
23336 296.277
23344 297.185
23352 298.069
23360 298.931
23368 299.768
23376 300.581
23384 301.368
23392 302.131
23400 302.867
23408 303.576
23416 304.259
23424 304.914
23432 305.541
23440 306.139
23448 306.708
23456 307.248
23464 307.758
23472 308.237
23480 308.685
23488 309.101
23496 309.485
23504 309.837
23512 310.156
23520 310.441
23528 310.692
23536 310.908
23544 311.089
23552 311.235
23560 311.345
23568 311.418
23576 311.455
23584 311.456
23592 311.423
23600 311.354
23608 311.251
23616 311.113
23624 310.942
23632 310.738
23640 310.5
23648 310.23
23656 309.928
23664 309.594
23672 309.228
23680 308.832
23688 308.405
23696 307.947
23704 307.459
23712 306.942
23720 306.396
23728 305.821
23736 305.217
23744 304.586
23752 303.926
23760 303.24
23768 302.527
23776 301.787
23784 301.021
23792 300.229
23800 299.412
23808 298.57
23816 297.703
23824 296.812
23832 295.898
23840 294.96
23848 293.998
23856 293.014
23864 292.008
23872 290.98
23880 289.93
23888 288.859
23896 287.768
23904 286.656
23912 285.524
23920 284.372
23928 283.201
23936 282.011
23944 280.803
23952 279.576
23960 278.332
23968 277.07
23976 275.792
23984 274.497
23992 273.185
24000 271.858
24008 270.516
24016 269.158
24024 267.785
24032 266.399
24040 264.998
24048 263.584
24056 262.157
24064 260.717
24072 259.264
24080 257.8
24088 256.324
24096 254.836
24104 253.338
24112 251.829
24120 250.31
24128 248.782
24136 247.244
24144 245.697
24152 244.141
24160 242.578
24168 241.006
24176 239.427
24184 237.841
24192 236.249
24200 234.65
24208 233.045
24216 231.434
24224 229.819
24232 228.198
24240 226.573
24248 224.945
24256 223.312
24264 221.677
24272 220.038
24280 218.397
24288 216.754
24296 215.109
24304 213.463
24312 211.816
24320 210.168
24328 208.52
24336 206.873
24344 205.226
24352 203.579
24360 201.934
24368 200.291
24376 198.65
24384 197.012
24392 195.376
24400 193.743
24408 192.115
24416 190.49
24424 188.869
24432 187.253
24440 185.643
24448 184.038
24456 182.438
24464 180.846
24472 179.259
24480 177.68
24488 176.108
24496 174.544
24504 172.989
24512 171.441
24520 169.903
24528 168.374
24536 166.855
24544 165.346
24552 163.847
24560 162.36
24568 160.883
24576 159.418
24584 157.965
24592 156.525
24600 155.097
24608 153.682
24616 152.281
24624 150.894
24632 149.521
24640 148.163
24648 146.82
24656 145.492
24664 144.181
24672 142.885
24680 141.606
24688 140.344
24696 139.099
24704 137.872
24712 136.663
24720 135.472
24728 134.301
24736 133.135
24744 132.015
24752 130.902
24760 129.809
24768 128.734
24776 127.68
24784 126.645
24792 125.63
24800 124.634
24808 123.657
24816 122.7
24824 121.762
24832 120.844
24840 119.945
24848 119.065
24856 118.205
24864 117.364
24872 116.543
24880 115.74
24888 114.957
24896 114.193
24904 113.448
24912 112.723
24920 112.016
24928 111.329
24936 110.661
24944 110.012
24952 109.382
24960 108.771
24968 108.179
24976 107.606
24984 107.052
24992 106.517
25000 106.001
25008 105.504
25016 105.025
25024 104.566
25032 104.125
25040 103.703
25048 103.3
25056 102.916
25064 102.551
25072 102.204
25080 101.876
25088 101.567
25096 101.276
25104 101.004
25112 100.751
25120 100.516
25128 100.3
25136 100.103
25144 99.9236
25152 99.763
25160 99.621
25168 99.4975
25176 99.3924
25184 99.3057
25192 99.2374
25200 99.1875
25208 99.156
25216 99.1429
25224 99.148
25232 99.1715
25240 99.2132
25248 99.2732
25256 99.3514
25264 99.4478
25272 99.5624
25280 99.6952
25288 99.8461
25296 100.015
25304 100.202
25312 100.408
25320 100.631
25328 100.872
25336 101.132
25344 101.409
25352 101.704
25360 102.017
25368 102.349
25376 102.698
25384 103.065
25392 103.45
25400 103.852
25408 104.273
25416 104.711
25424 105.167
25432 105.641
25440 106.132
25448 106.642
25456 107.169
25464 107.713
25472 108.275
25480 108.855
25488 109.453
25496 110.068
25504 110.7
25512 111.35
25520 112.018
25528 112.703
25536 113.406
25544 114.126
25552 114.863
25560 115.618
25568 116.39
25576 117.18
25584 117.987
25592 118.811
25600 119.653
25608 120.512
25616 121.388
25624 122.281
25632 123.191
25640 124.119
25648 125.064
25656 126.026
25664 127.005
25672 128.001
25680 129.014
25688 130.045
25696 131.092
25704 132.156
25712 133.238
25720 134.336
25728 135.451
25736 136.583
25744 137.733
25752 138.898
25760 140.081
25768 141.281
25776 142.497
25784 143.731
25792 144.981
25800 146.247
25808 147.531
25816 148.831
25824 150.148
25832 151.481
25840 152.831
25848 154.198
25856 155.582
25864 156.981
25872 158.398
25880 159.831
25888 161.28
25896 162.746
25904 164.229
25912 165.728
25920 167.243
25928 168.774
25936 170.321
25944 171.884
25952 173.461
25960 175.053
25968 176.66
25976 178.28
25984 179.913
25992 181.559
26000 183.218
26008 184.89
26016 186.573
26024 188.268
26032 189.973
26040 191.69
26048 193.417
26056 195.153
26064 196.9
26072 198.655
26080 200.419
26088 202.192
26096 203.972
26104 205.76
26112 207.556
26120 209.358
26128 211.166
26136 212.981
26144 214.802
26152 216.627
26160 218.458
26168 220.293
26176 222.132
26184 223.975
26192 225.821
26200 227.67
26208 229.522
26216 231.376
26224 233.232
26232 235.089
26240 236.947
26248 238.806
26256 240.665
26264 242.524
26272 244.383
26280 246.24
26288 248.096
26296 249.951
26304 251.803
26312 253.653
26320 255.501
26328 257.345
26336 259.185
26344 261.021
26352 262.853
26360 264.68
26368 266.502
26376 268.319
26384 270.129
26392 271.933
26400 273.731
26408 275.521
26416 277.304
26424 279.079
26432 280.846
26440 282.604
26448 284.353
26456 286.092
26464 287.822
26472 289.542
26480 291.251
26488 292.949
26496 294.635
26504 296.31
26512 297.973
26520 299.623
26528 301.261
26536 302.885
26544 304.495
26552 306.092
26560 307.673
26568 309.24
26576 310.792
26584 312.328
26592 313.848
26600 315.352
26608 316.839
26616 318.309
26624 319.761
26632 321.196
26640 322.612
26648 324.009
26656 325.387
26664 326.746
26672 328.084
26680 329.403
26688 330.701
26696 331.978
26704 333.233
26712 334.467
26720 335.678
26728 336.867
26736 338.033
26744 339.175
26752 340.294
26760 341.389
26768 342.459
26776 343.504
26784 344.524
26792 345.518
26800 346.486
26808 347.428
26816 348.343
26824 349.23
26832 350.09
26840 350.922
26848 351.726
26856 352.501
26864 353.246
26872 353.963
26880 354.649
26888 355.305
26896 355.93
26904 356.524
26912 357.086
26920 357.617
26928 358.115
26936 358.581
26944 359.014
26952 359.413
26960 359.778
26968 360.11
26976 360.406
26984 360.668
26992 360.895
27000 361.085
27008 361.24
27016 361.358
27024 361.439
27032 361.482
27040 361.488
27048 361.456
27056 361.386
27064 361.277
27072 361.128
27080 360.94
27088 360.712
27096 360.443
27104 360.135
27112 359.786
27120 359.397
27128 358.97
27136 358.503
27144 357.998
27152 357.456
27160 356.875
27168 356.258
27176 355.604
27184 354.913
27192 354.186
27200 353.424
27208 352.627
27216 351.795
27224 350.928
27232 350.028
27240 349.094
27248 348.126
27256 347.126
27264 346.094
27272 345.029
27280 343.933
27288 342.806
27296 341.648
27304 340.46
27312 339.242
27320 337.994
27328 336.717
27336 335.411
27344 334.077
27352 332.715
27360 331.325
27368 329.908
27376 328.464
27384 326.994
27392 325.498
27400 323.977
27408 322.43
27416 320.858
27424 319.262
27432 317.642
27440 315.999
27448 314.332
27456 312.642
27464 310.931
27472 309.197
27480 307.441
27488 305.665
27496 303.867
27504 302.049
27512 300.212
27520 298.354
27528 296.478
27536 294.583
27544 292.669
27552 290.737
27560 288.788
27568 286.822
27576 284.838
27584 282.839
27592 280.823
27600 278.792
27608 276.746
27616 274.685
27624 272.609
27632 270.52
27640 268.417
27648 266.3
27656 264.171
27664 262.03
27672 259.877
27680 257.712
27688 255.536
27696 253.349
27704 251.151
27712 248.944
27720 246.727
27728 244.501
27736 242.266
27744 240.023
27752 237.772
27760 235.513
27768 233.247
27776 230.974
27784 228.695
27792 226.41
27800 224.12
27808 221.824
27816 219.523
27824 217.218
27832 214.909
27840 212.596
27848 210.281
27856 207.962
27864 205.641
27872 203.318
27880 200.994
27888 198.668
27896 196.341
27904 194.015
27912 191.688
27920 189.361
27928 187.036
27936 184.711
27944 182.389
27952 180.068
27960 177.749
27968 175.434
27976 173.122
27984 170.813
27992 168.508
28000 166.208
28008 163.912
28016 161.622
28024 159.338
28032 157.059
28040 154.787
28048 152.521
28056 150.263
28064 148.013
28072 145.77
28080 143.536
28088 141.311
28096 139.095
28104 136.888
28112 134.692
28120 132.506
28128 130.33
28136 128.166
28144 126.014
28152 123.874
28160 121.746
28168 119.63
28176 117.528
28184 115.44
28192 113.366
28200 111.306
28208 109.261
28216 107.231
28224 105.217
28232 103.218
28240 101.237
28248 99.2715
28256 97.3237
28264 95.3935
28272 93.4813
28280 91.5875
28288 89.7122
28296 87.8555
28304 86.0178
28312 84.1991
28320 82.3996
28328 80.6195
28336 78.8591
28344 77.1183
28352 75.3975
28360 73.6968
28368 72.0164
28376 70.3564
28384 68.717
28392 67.0984
28400 65.5009
28408 63.9244
28416 62.3693
28424 60.8357
28432 59.3238
28440 57.8337
28448 56.3657
28456 54.9198
28464 53.4963
28472 52.0954
28480 50.7172
28488 49.3619
28496 48.0297
28504 46.7207
28512 45.4352
28520 44.1732
28528 42.935
28536 41.7208
28544 40.5307
28552 39.3649
28560 38.2236
28568 37.1069
28576 36.0151
28584 34.9482
28592 33.9065
28600 32.8902
28608 31.8994
28616 30.9343
28624 29.9951
28632 29.0819
28640 28.195
28648 27.3344
28656 26.5004
28664 25.6932
28672 24.9129
28680 24.1597
28688 23.4338
28696 22.7353
28704 22.0644
28712 21.4214
28720 20.8063
28728 20.2193
28736 19.6607
28744 19.1306
28752 18.6292
28760 18.1566
28768 17.713
28776 17.2987
28784 16.9137
28792 16.5582
28800 16.2325
28808 15.9367
28816 15.6709
28824 15.4354
28832 15.2303
28840 15.0559
28848 14.9122
28856 14.7994
28864 14.7178
28872 14.6674
28880 14.6486
28888 14.6613
28896 14.7059
28904 14.7825
28912 14.8913
28920 15.0324
28928 15.2061
28936 15.4124
28944 15.6517
28952 15.9239
28960 16.2294
28968 16.5683
28976 16.9408
28984 17.347
28992 17.7871
29000 18.2613
29008 18.7698
29016 19.3127
29024 19.8903
29032 20.5027
29040 21.15
29048 21.8325
29056 22.5503
29064 23.3036
29072 24.0926
29080 24.9174
29088 25.7782
29096 26.6753
29104 27.6087
29112 28.5786
29120 29.5853
29128 30.6289
29136 31.7095
29144 32.8274
29152 33.9827
29160 35.1756
29168 36.4063
29176 37.6749
29184 38.9817
29192 40.3267
29200 41.7103
29208 43.1324
29216 44.5934
29224 46.0934
29232 47.6325
29240 49.211
29248 50.829
29256 52.4867
29264 54.1843
29272 55.9219
29280 57.6998
29288 59.518
29296 61.3768
29304 63.2764
29312 65.2169
29320 67.1985
29328 69.2213
29336 71.2856
29344 73.3915
29352 75.5392
29360 77.7289
29368 79.9607
29376 82.2348
29384 84.5515
29392 86.9108
29400 89.3129
29408 91.7581
29416 94.2465
29424 96.7782
29432 99.3535
29440 101.972
29448 104.635
29456 107.342
29464 110.092
29472 112.884
29480 115.718
29488 118.593
29496 121.507
29504 124.46
29512 127.451
29520 130.479
29528 133.544
29536 136.644
29544 139.779
29552 142.948
29560 146.15
29568 149.384
29576 152.649
29584 155.944
29592 159.27
29600 162.623
29608 166.005
29616 169.414
29624 172.849
29632 176.309
29640 179.793
29648 183.301
29656 186.832
29664 190.385
29672 193.959
29680 197.553
29688 201.167
29696 204.798
29704 208.448
29712 212.114
29720 215.797
29728 219.494
29736 223.206
29744 226.931
29752 230.668
29760 234.417
29768 238.177
29776 241.947
29784 245.726
29792 249.514
29800 253.309
29808 257.11
29816 260.917
29824 264.729
29832 268.545
29840 272.364
29848 276.186
29856 280.009
29864 283.832
29872 287.655
29880 291.478
29888 295.298
29896 299.115
29904 302.929
29912 306.739
29920 310.543
29928 314.34
29936 318.131
29944 321.914
29952 325.688
29960 329.453
29968 333.207
29976 336.949
29984 340.68
29992 344.397
30000 348.101
30008 351.79
30016 355.463
30024 359.12
30032 362.76
30040 366.382
30048 369.984
30056 373.567
30064 377.129
30072 380.67
30080 384.188
30088 387.683
30096 391.154
30104 394.6
30112 398.02
30120 401.414
30128 404.78
30136 408.117
30144 411.426
30152 414.704
30160 417.952
30168 421.168
30176 424.351
30184 427.501
30192 430.616
30200 433.697
30208 436.741
30216 439.749
30224 442.719
30232 445.65
30240 448.542
30248 451.393
30256 454.204
30264 456.972
30272 459.698
30280 462.38
30288 465.018
30296 467.61
30304 470.156
30312 472.655
30320 475.106
30328 477.508
30336 479.86
30344 482.162
30352 484.413
30360 486.612
30368 488.757
30376 490.849
30384 492.886
30392 494.867
30400 496.792
30408 498.66
30416 500.469
30424 502.22
30432 503.911
30440 505.541
30448 507.109
30456 508.615
30464 510.058
30472 511.437
30480 512.75
30488 513.998
30496 515.18
30504 516.293
30512 517.339
30520 518.315
30528 519.221
30536 520.057
30544 520.82
30552 521.511
30560 522.128
30568 522.671
30576 523.139
30584 523.531
30592 523.846
30600 524.084
30608 524.242
30616 524.322
30624 524.321
30632 524.239
30640 524.076
30648 523.834
30656 523.513
30664 523.114
30672 522.638
30680 522.086
30688 521.458
30696 520.757
30704 519.981
30712 519.133
30720 518.214
30728 517.223
30736 516.163
30744 515.033
30752 513.836
30760 512.571
30768 511.239
30776 509.843
30784 508.381
30792 506.856
30800 505.268
30808 503.618
30816 501.907
30824 500.136
30832 498.305
30840 496.416
30848 494.47
30856 492.467
30864 490.408
30872 488.294
30880 486.127
30888 483.906
30896 481.633
30904 479.309
30912 476.935
30920 474.51
30928 472.038
30936 469.517
30944 466.95
30952 464.336
30960 461.678
30968 458.975
30976 456.23
30984 453.441
30992 450.611
31000 447.741
31008 444.83
31016 441.881
31024 438.894
31032 435.87
31040 432.809
31048 429.714
31056 426.583
31064 423.42
31072 420.223
31080 416.995
31088 413.736
31096 410.447
31104 407.129
31112 403.782
31120 400.409
31128 397.009
31136 393.583
31144 390.132
31152 386.658
31160 383.161
31168 379.642
31176 376.102
31184 372.542
31192 368.962
31200 365.364
31208 361.748
31216 358.115
31224 354.467
31232 350.804
31240 347.127
31248 343.437
31256 339.734
31264 336.02
31272 332.296
31280 328.562
31288 324.819
31296 321.069
31304 317.312
31312 313.548
31320 309.78
31328 306.007
31336 302.231
31344 298.452
31352 294.672
31360 290.891
31368 287.111
31376 283.331
31384 279.553
31392 275.779
31400 272.008
31408 268.241
31416 264.48
31424 260.726
31432 256.979
31440 253.24
31448 249.51
31456 245.79
31464 242.08
31472 238.383
31480 234.698
31488 231.027
31496 227.37
31504 223.728
31512 220.103
31520 216.494
31528 212.904
31536 209.332
31544 205.78
31552 202.249
31560 198.739
31568 195.252
31576 191.788
31584 188.348
31592 184.933
31600 181.544
31608 178.181
31616 174.847
31624 171.541
31632 168.265
31640 165.019
31648 161.804
31656 158.621
31664 155.472
31672 152.356
31680 149.275
31688 146.23
31696 143.221
31704 140.25
31712 137.317
31720 134.424
31728 131.571
31736 128.758
31744 125.988
31752 123.26
31760 120.576
31768 117.937
31776 115.343
31784 112.795
31792 110.295
31800 107.843
31808 105.44
31816 103.086
31824 100.78
31832 98.5233
31840 96.3141
31848 94.1524
31856 92.0377
31864 89.9696
31872 87.9477
31880 85.9714
31888 84.0405
31896 82.1544
31904 80.3127
31912 78.515
31920 76.7608
31928 75.0498
31936 73.3815
31944 71.7554
31952 70.1712
31960 68.6284
31968 67.1265
31976 65.6652
31984 64.244
31992 62.8625
32000 61.5202
32008 60.2167
32016 58.9516
32024 57.7244
32032 56.5348
32040 55.3822
32048 54.2663
32056 53.1866
32064 52.1427
32072 51.1342
32080 50.1606
32088 49.2215
32096 48.3164
32104 47.445
32112 46.6068
32120 45.8013
32128 45.0282
32136 44.287
32144 43.5773
32152 42.8986
32160 42.2505
32168 41.6326
32176 41.0444
32184 40.4856
32192 39.9556
32200 39.4541
32208 38.9806
32216 38.5347
32224 38.116
32232 37.724
32240 37.3583
32248 37.0184
32256 36.704
32264 36.4146
32272 36.1497
32280 35.909
32288 35.692
32296 35.4982
32304 35.3273
32312 35.1788
32320 35.0523
32328 34.9474
32336 34.8635
32344 34.8004
32352 34.7575
32360 34.7344
32368 34.7307
32376 34.7459
32384 34.7797
32392 34.8316
32400 34.9011
32408 34.9879
32416 35.0915
32424 35.2114
32432 35.3473
32440 35.4987
32448 35.6651
32456 35.8462
32464 36.0416
32472 36.2506
32480 36.4731
32488 36.7084
32496 36.9563
32504 37.2161
32512 37.4876
32520 37.7703
32528 38.0638
32536 38.3676
32544 38.6813
32552 39.0044
32560 39.3366
32568 39.6773
32576 40.0263
32584 40.3829
32592 40.7469
32600 41.1178
32608 41.4951
32616 41.8784
32624 42.2672
32632 42.6613
32640 43.06
32648 43.463
32656 43.8699
32664 44.2802
32672 44.6935
32680 45.1094
32688 45.5273
32696 45.947
32704 46.3679
32712 46.7897
32720 47.2118
32728 47.634
32736 48.0556
32744 48.4764
32752 48.8958
32760 49.3135
32768 49.729
32776 50.1419
32784 50.5517
32792 50.9581
32800 51.3605
32808 51.7585
32816 52.1518
32824 52.5399
32832 52.9223
32840 53.2987
32848 53.6686
32856 54.0315
32864 54.387
32872 54.7348
32880 55.0743
32888 55.4052
32896 55.7269
32904 56.0392
32912 56.3414
32920 56.6333
32928 56.9144
32936 57.1842
32944 57.4423
32952 57.6883
32960 57.9218
32968 58.1423
32976 58.3493
32984 58.5426
32992 58.7217
33000 58.8869
33008 59.0384
33016 59.1761
33024 59.3004
33032 59.4112
33040 59.5089
33048 59.5935
33056 59.6651
33064 59.7239
33072 59.7701
33080 59.8038
33088 59.8251
33096 59.8342
33104 59.8313
33112 59.8164
33120 59.7897
33128 59.7514
33136 59.7016
33144 59.6405
33152 59.5681
33160 59.4847
33168 59.3904
33176 59.2853
33184 59.1696
33192 59.0433
33200 58.9068
33208 58.76
33216 58.6032
33224 58.4365
33232 58.2601
33240 58.074
33248 57.8784
33256 57.6735
33264 57.4595
33272 57.2364
33280 57.0044
33288 56.7636
33296 56.5142
33304 56.2564
33312 55.9903
33320 55.7159
33328 55.4336
33336 55.1434
33344 54.8454
33352 54.5398
33360 54.2268
33368 53.9065
33376 53.579
33384 53.2444
33392 52.903
33400 52.5549
33408 52.2002
33416 51.8391
33424 51.4716
33432 51.098
33440 50.7184
33448 50.3329
33456 49.9417
33464 49.5449
33472 49.1427
33480 48.7352
33488 48.3226
33496 47.905
33504 47.4825
33512 47.0553
33520 46.6235
33528 46.1873
33536 45.7468
33544 45.3022
33552 44.8537
33560 44.4012
33568 43.9451
33576 43.4854
33584 43.0223
33592 42.5559
33600 42.0864
33608 41.614
33616 41.1387
33624 40.6607
33632 40.1801
33640 39.6972
33648 39.212
33656 38.7247
33664 38.2354
33672 37.7443
33680 37.2515
33688 36.7572
33696 36.2615
33704 35.7645
33712 35.2665
33720 34.7675
33728 34.2677
33736 33.7672
33744 33.2661
33752 32.7647
33760 32.2631
33768 31.7614
33776 31.2597
33784 30.7582
33792 30.2571
33800 29.7564
33808 29.2564
33816 28.7571
33824 28.2588
33832 27.7615
33840 27.2655
33848 26.7707
33856 26.2775
33864 25.7859
33872 25.2962
33880 24.8083
33888 24.3225
33896 23.8389
33904 23.3577
33912 22.879
33920 22.4029
33928 21.9297
33936 21.4594
33944 20.9921
33952 20.5281
33960 20.0675
33968 19.6103
33976 19.1569
33984 18.7072
33992 18.2615
34000 17.8199
34008 17.3825
34016 16.9495
34024 16.521
34032 16.0972
34040 15.6783
34048 15.2642
34056 14.8553
34064 14.4516
34072 14.0534
34080 13.6606
34088 13.2735
34096 12.8923
34104 12.517
34112 12.1479
34120 11.785
34128 11.4285
34136 11.0785
34144 10.7353
34152 10.3989
34160 10.0694
34168 9.74707
34176 9.43176
34184 9.12344
34192 8.82205
34200 8.52754
34208 8.23984
34216 7.9589
34224 7.68466
34232 7.41705
34240 7.15603
34248 6.90153
34256 6.65349
34264 6.41185
34272 6.17656
34280 5.94756
34288 5.72479
34296 5.50818
34304 5.29769
34312 5.09325
34320 4.8948
34328 4.70229
34336 4.51565
34344 4.33483
34352 4.15977
34360 3.99041
34368 3.8267
34376 3.66856
34384 3.51595
34392 3.36881
34400 3.22707
34408 3.09068
34416 2.95958
34424 2.83372
34432 2.71302
34440 2.59744
34448 2.48691
34456 2.38138
34464 2.28079
34472 2.18507
34480 2.09418
34488 2.00805
34496 1.92662
34504 1.84984
34512 1.77764
34520 1.70997
34528 1.64677
34536 1.58797
34544 1.53353
34552 1.48338
34560 1.43747
34568 1.39573
34576 1.35811
34584 1.32454
34592 1.29497
34600 1.26935
34608 1.2476
34616 1.22968
34624 1.21553
34632 1.20508
34640 1.19827
34648 1.19506
34656 1.19537
34664 1.19916
34672 1.20636
34680 1.21691
34688 1.23076
34696 1.24784
34704 1.26811
34712 1.29149
34720 1.31793
34728 1.34737
34736 1.37976
34744 1.41503
34752 1.45313
34760 1.494
34768 1.53757
34776 1.58379
34784 1.63261
34792 1.68396
34800 1.73778
34808 1.79401
34816 1.85261
34824 1.9135
34832 1.97663
34840 2.04194
34848 2.10937
34856 2.17887
34864 2.25037
34872 2.32382
34880 2.39915
34888 2.47632
34896 2.55525
34904 2.6359
34912 2.71819
34920 2.80209
34928 2.88751
34936 2.97442
34944 3.06274
34952 3.15242
34960 3.2434
34968 3.33562
34976 3.42903
34984 3.52356
34992 3.61916
35000 3.71577
35008 3.81332
35016 3.91176
35024 4.01104
35032 4.11109
35040 4.21185
35048 4.31327
35056 4.41528
35064 4.51784
35072 4.62087
35080 4.72432
35088 4.82814
35096 4.93225
35104 5.03662
35112 5.14117
35120 5.24584
35128 5.35059
35136 5.45535
35144 5.56005
35152 5.66465
35160 5.76909
35168 5.8733
35176 5.97722
35184 6.08081
35192 6.18399
35200 6.28672
35208 6.38893
35216 6.49056
35224 6.59155
35232 6.69186
35240 6.79141
35248 6.89014
35256 6.98801
35264 7.08495
35272 7.18091
35280 7.27581
35288 7.36962
35296 7.46226
35304 7.55367
35312 7.64381
35320 7.73261
35328 7.82001
35336 7.90596
35344 7.99039
35352 8.07331
35360 8.15473
35368 8.23465
35376 8.31309
35384 8.39005
35392 8.46554
35400 8.53959
35408 8.61219
35416 8.68336
35424 8.7531
35432 8.82143
35440 8.88836
35448 8.9539
35456 9.01806
35464 9.08085
35472 9.14228
35480 9.20235
35488 9.26109
35496 9.3185
35504 9.37459
35512 9.42937
35520 9.48285
35528 9.53504
35536 9.58596
35544 9.63561
35552 9.684
35560 9.73115
35568 9.77706
35576 9.82174
35584 9.86521
35592 9.90747
35600 9.94854
35608 9.98842
35616 10.0271
35624 10.0647
35632 10.1011
35640 10.1363
35648 10.1704
35656 10.2034
35664 10.2353
35672 10.2661
35680 10.2958
35688 10.3244
35696 10.3519
35704 10.3784
35712 10.4038
35720 10.4282
35728 10.4516
35736 10.4739
35744 10.4953
35752 10.5156
35760 10.5349
35768 10.5533
35776 10.5707
35784 10.5872
35792 10.6027
35800 10.6172
35808 10.6309
35816 10.6436
35824 10.6554
35832 10.6663
35840 10.6764
35848 10.6855
35856 10.6938
35864 10.7013
35872 10.7079
35880 10.7137
35888 10.7186
35896 10.7228
35904 10.7261
35912 10.7286
35920 10.7304
35928 10.7314
35936 10.7316
35944 10.7311
35952 10.7299
35960 10.7279
35968 10.7252
35976 10.7218
35984 10.7177
35992 10.7129
36000 10.7074
36008 10.7013
36016 10.6945
36024 10.687
36032 10.679
36040 10.6703
36048 10.661
36056 10.651
36064 10.6405
36072 10.6294
36080 10.6178
36088 10.6055
36096 10.5927
36104 10.5794
36112 10.5655
36120 10.5512
36128 10.5363
36136 10.5209
36144 10.505
36152 10.4886
36160 10.4718
36168 10.4545
36176 10.4367
36184 10.4185
36192 10.3999
36200 10.3809
36208 10.3614
36216 10.3416
36224 10.3214
36232 10.3008
36240 10.2798
36248 10.2585
36256 10.2368
36264 10.2148
36272 10.1925
36280 10.1698
36288 10.1469
36296 10.1236
36304 10.1001
36312 10.0763
36320 10.0522
36328 10.0279
36336 10.0034
36344 9.97858
36352 9.95357
36360 9.92834
36368 9.90292
36376 9.8773
36384 9.85151
36392 9.82554
36400 9.79942
36408 9.77315
36416 9.74673
36424 9.72019
36432 9.69353
36440 9.66677
36448 9.6399
36456 9.61295
36464 9.58593
36472 9.55883
36480 9.53168
36488 9.50449
36496 9.47726
36504 9.45
36512 9.42273
