0 213.059
8 212.907
16 212.755
24 212.603
32 212.451
40 212.299
48 212.147
56 211.995
64 211.843
72 211.691
80 211.539
88 211.387
96 211.234
104 211.082
112 210.93
120 210.778
128 210.626
136 210.474
144 210.322
152 210.17
160 210.018
168 209.866
176 209.714
184 209.562
192 209.411
200 209.259
208 209.107
216 208.955
224 208.803
232 208.651
240 208.499
248 208.347
256 208.195
264 208.043
272 207.891
280 207.74
288 207.588
296 207.436
304 207.284
312 207.132
320 206.981
328 206.829
336 206.677
344 206.525
352 206.374
360 206.222
368 206.07
376 205.918
384 205.767
392 205.615
400 205.464
408 205.312
416 205.16
424 205.009
432 204.857
440 204.706
448 204.554
456 204.403
464 204.251
472 204.1
480 203.948
488 203.797
496 203.646
504 203.494
512 203.343
520 203.192
528 203.04
536 202.889
544 202.738
552 202.586
560 202.435
568 202.284
576 202.133
584 201.982
592 201.831
600 201.68
608 201.529
616 201.378
624 201.227
632 201.076
640 200.925
648 200.774
656 200.623
664 200.472
672 200.321
680 200.17
688 200.02
696 199.869
704 199.718
712 199.568
720 199.417
728 199.266
736 199.116
744 198.965
752 198.815
760 198.664
768 198.514
776 198.363
784 198.213
792 198.063
800 197.912
808 197.762
816 197.612
824 197.462
832 197.311
840 197.161
848 197.011
856 196.861
864 196.711
872 196.561
880 196.411
888 196.261
896 196.111
904 195.962
912 195.812
920 195.662
928 195.512
936 195.363
944 195.213
952 195.064
960 194.914
968 194.765
976 194.615
984 194.466
992 194.316
1000 194.167
1008 194.018
1016 193.868
1024 193.719
1032 193.57
1040 193.421
1048 193.272
1056 193.123
1064 192.974
1072 192.825
1080 192.676
1088 192.527
1096 192.379
1104 192.23
1112 192.081
1120 191.933
1128 191.784
1136 191.636
1144 191.487
1152 191.339
1160 191.19
1168 191.042
1176 190.894
1184 190.746
1192 190.597
1200 190.449
1208 190.301
1216 190.153
1224 190.005
1232 189.857
1240 189.71
1248 189.562
1256 189.414
1264 189.266
1272 189.119
1280 188.971
1288 188.824
1296 188.676
1304 188.529
1312 188.382
1320 188.234
1328 188.087
1336 187.94
1344 187.793
1352 187.646
1360 187.499
1368 187.352
1376 187.205
1384 187.058
1392 186.911
1400 186.765
1408 186.618
1416 186.472
1424 186.325
1432 186.179
1440 186.032
1448 185.886
1456 185.74
1464 185.594
1472 185.448
1480 185.301
1488 185.156
1496 185.01
1504 184.864
1512 184.718
1520 184.572
1528 184.427
1536 184.281
1544 184.136
1552 183.99
1560 183.845
1568 183.699
1576 183.554
1584 183.409
1592 183.264
1600 183.119
1608 182.974
1616 182.829
1624 182.684
1632 182.54
1640 182.395
1648 182.25
1656 182.106
1664 181.961
1672 181.817
1680 181.673
1688 181.528
1696 181.384
1704 181.24
1712 181.096
1720 180.952
1728 180.808
1736 180.665
1744 180.521
1752 180.377
1760 180.234
1768 180.09
1776 179.947
1784 179.804
1792 179.66
1800 179.517
1808 179.374
1816 179.231
1824 179.088
1832 178.945
1840 178.803
1848 178.66
1856 178.517
1864 178.375
1872 178.232
1880 178.09
1888 177.948
1896 177.806
1904 177.664
1912 177.522
1920 177.38
1928 177.238
1936 177.096
1944 176.954
1952 176.813
1960 176.671
1968 176.53
1976 176.389
1984 176.247
1992 176.106
2000 175.965
2008 175.824
2016 175.683
2024 175.543
2032 175.402
2040 175.261
2048 175.121
2056 174.98
2064 174.84
2072 174.7
2080 174.559
2088 174.419
2096 174.279
2104 174.14
2112 174
2120 173.86
2128 173.72
2136 173.581
2144 173.442
2152 173.302
2160 173.163
2168 173.024
2176 172.885
2184 172.746
2192 172.607
2200 172.468
2208 172.33
2216 172.191
2224 172.053
2232 171.914
2240 171.776
2248 171.638
2256 171.5
2264 171.362
2272 171.224
2280 171.086
2288 170.949
2296 170.811
2304 170.674
2312 170.536
2320 170.399
2328 170.262
2336 170.125
2344 169.988
2352 169.851
2360 169.714
2368 169.578
2376 169.441
2384 169.305
2392 169.168
2400 169.032
2408 168.896
2416 168.76
2424 168.624
2432 168.489
2440 168.353
2448 168.217
2456 168.082
2464 167.946
2472 167.811
2480 167.676
2488 167.541
2496 167.406
2504 167.271
2512 167.137
2520 167.002
2528 166.868
2536 166.733
2544 166.599
2552 166.465
2560 166.331
2568 166.197
2576 166.063
2584 165.929
2592 165.796
2600 165.662
2608 165.529
2616 165.396
2624 165.263
2632 165.13
2640 164.997
2648 164.864
2656 164.732
2664 164.599
2672 164.467
2680 164.334
2688 164.202
2696 164.07
2704 163.938
2712 163.806
2720 163.675
2728 163.543
2736 163.412
2744 163.28
2752 163.149
2760 163.018
2768 162.887
2776 162.756
2784 162.626
2792 162.495
2800 162.364
2808 162.234
2816 162.104
2824 161.974
2832 161.844
2840 161.714
2848 161.584
2856 161.455
2864 161.325
2872 161.196
2880 161.067
2888 160.937
2896 160.809
2904 160.68
2912 160.551
2920 160.422
2928 160.294
2936 160.166
2944 160.037
2952 159.909
2960 159.781
2968 159.654
2976 159.526
2984 159.398
2992 159.271
3000 159.144
3008 159.017
3016 158.89
3024 158.763
3032 158.636
3040 158.509
3048 158.383
3056 158.257
3064 158.13
3072 158.004
3080 157.878
3088 157.753
3096 157.627
3104 157.501
3112 157.376
3120 157.251
3128 157.126
3136 157.001
3144 156.876
3152 156.751
3160 156.627
3168 156.502
3176 156.378
3184 156.254
3192 156.13
3200 156.006
3208 155.882
3216 155.759
3224 155.635
3232 155.512
3240 155.389
3248 155.266
3256 155.143
3264 155.02
3272 154.898
3280 154.775
3288 154.653
3296 154.531
3304 154.409
3312 154.287
3320 154.165
3328 154.044
3336 153.922
3344 153.801
3352 153.68
3360 153.559
3368 153.438
3376 153.317
3384 153.197
3392 153.077
3400 152.956
3408 152.836
3416 152.716
3424 152.597
3432 152.477
3440 152.357
3448 152.238
3456 152.119
3464 152
3472 151.881
3480 151.762
3488 151.644
3496 151.526
3504 151.407
3512 151.289
3520 151.171
3528 151.054
3536 150.936
3544 150.818
3552 150.701
3560 150.584
3568 150.467
3576 150.35
3584 150.233
3592 150.117
3600 150.001
3608 149.884
3616 149.768
3624 149.653
3632 149.537
3640 149.421
3648 149.306
3656 149.191
3664 149.076
3672 148.961
3680 148.846
3688 148.731
3696 148.617
3704 148.503
3712 148.389
3720 148.275
3728 148.161
3736 148.047
3744 147.934
3752 147.82
3760 147.707
3768 147.594
3776 147.482
3784 147.369
3792 147.257
3800 147.144
3808 147.032
3816 146.92
3824 146.809
3832 146.697
3840 146.585
3848 146.474
3856 146.363
3864 146.252
3872 146.141
3880 146.031
3888 145.92
3896 145.81
3904 145.7
3912 145.59
3920 145.481
3928 145.371
3936 145.262
3944 145.152
3952 145.043
3960 144.935
3968 144.826
3976 144.717
3984 144.609
3992 144.501
4000 144.393
4008 144.285
4016 144.178
4024 144.07
4032 143.963
4040 143.856
4048 143.749
4056 143.642
4064 143.536
4072 143.429
4080 143.323
4088 143.217
4096 143.111
4104 143.006
4112 142.9
4120 142.795
4128 142.69
4136 142.585
4144 142.48
4152 142.375
4160 142.271
4168 142.167
4176 142.063
4184 141.959
4192 141.855
4200 141.752
4208 141.649
4216 141.546
4224 141.443
4232 141.34
4240 141.238
4248 141.135
4256 141.033
4264 140.931
4272 140.829
4280 140.728
4288 140.626
4296 140.525
4304 140.424
4312 140.323
4320 140.223
4328 140.122
4336 140.022
4344 139.922
4352 139.822
4360 139.723
4368 139.623
4376 139.524
4384 139.425
4392 139.326
4400 139.227
4408 139.129
4416 139.03
4424 138.932
4432 138.834
4440 138.736
4448 138.639
4456 138.542
4464 138.444
4472 138.348
4480 138.251
4488 138.154
4496 138.058
4504 137.962
4512 137.866
4520 137.77
4528 137.674
4536 137.579
4544 137.484
4552 137.389
4560 137.294
4568 137.2
4576 137.105
4584 137.011
4592 136.917
4600 136.824
4608 136.73
4616 136.637
4624 136.544
4632 136.451
4640 136.358
4648 136.265
4656 136.173
4664 136.081
4672 135.989
4680 135.897
4688 135.806
4696 135.715
4704 135.624
4712 135.533
4720 135.442
4728 135.352
4736 135.261
4744 135.171
4752 135.082
4760 134.992
4768 134.903
4776 134.813
4784 134.724
4792 134.636
4800 134.547
4808 134.459
4816 134.371
4824 134.283
4832 134.195
4840 134.108
4848 134.02
4856 133.933
4864 133.846
4872 133.76
4880 133.673
4888 133.587
4896 133.501
4904 133.415
4912 133.33
4920 133.245
4928 133.159
4936 133.075
4944 132.99
4952 132.906
4960 132.821
4968 132.737
4976 132.654
4984 132.57
4992 132.487
5000 132.404
5008 132.321
5016 132.238
5024 132.156
5032 132.073
5040 131.991
5048 131.91
5056 131.828
5064 131.747
5072 131.666
5080 131.585
5088 131.504
5096 131.424
5104 131.344
5112 131.264
5120 131.184
5128 131.104
5136 131.025
5144 130.946
5152 130.867
5160 130.789
5168 130.71
5176 130.632
5184 130.555
5192 130.477
5200 130.399
5208 130.322
5216 130.245
5224 130.169
5232 130.092
5240 130.016
5248 129.94
5256 129.864
5264 129.789
5272 129.713
5280 129.638
5288 129.564
5296 129.489
5304 129.415
5312 129.341
5320 129.267
5328 129.193
5336 129.12
5344 129.047
5352 128.974
5360 128.901
5368 128.829
5376 128.756
5384 128.684
5392 128.613
5400 128.541
5408 128.47
5416 128.399
5424 128.328
5432 128.258
5440 128.188
5448 128.118
5456 128.048
5464 127.979
5472 127.909
5480 127.84
5488 127.772
5496 127.703
5504 127.635
5512 127.567
5520 127.499
5528 127.432
5536 127.364
5544 127.297
5552 127.231
5560 127.164
5568 127.098
5576 127.032
5584 126.966
5592 126.901
5600 126.836
5608 126.771
5616 126.706
5624 126.641
5632 126.577
5640 126.513
5648 126.45
5656 126.386
5664 126.323
5672 126.26
5680 126.197
5688 126.135
5696 126.073
5704 126.011
5712 125.949
5720 125.888
5728 125.827
5736 125.766
5744 125.705
5752 125.645
5760 125.585
5768 125.525
5776 125.466
5784 125.407
5792 125.348
5800 125.289
5808 125.23
5816 125.172
5824 125.114
5832 125.056
5840 124.999
5848 124.942
5856 124.885
5864 124.828
5872 124.772
5880 124.716
5888 124.66
5896 124.605
5904 124.549
5912 124.494
5920 124.44
5928 124.385
5936 124.331
5944 124.277
5952 124.223
5960 124.17
5968 124.117
5976 124.064
5984 124.012
5992 123.959
6000 123.907
6008 123.856
6016 123.804
6024 123.753
6032 123.702
6040 123.651
6048 123.601
6056 123.551
6064 123.501
6072 123.452
6080 123.403
6088 123.354
6096 123.305
6104 123.257
6112 123.208
6120 123.161
6128 123.113
6136 123.066
6144 123.019
6152 122.972
6160 122.926
6168 122.88
6176 122.834
6184 122.788
6192 122.743
6200 122.698
6208 122.653
6216 122.609
6224 122.565
6232 122.521
6240 122.477
6248 122.434
6256 122.391
6264 122.348
6272 122.306
6280 122.264
6288 122.222
6296 122.18
6304 122.139
6312 122.098
6320 122.057
6328 122.017
6336 121.977
6344 121.937
6352 121.898
6360 121.858
6368 121.819
6376 121.781
6384 121.742
6392 121.704
6400 121.667
6408 121.629
6416 121.592
6424 121.555
6432 121.519
6440 121.482
6448 121.446
6456 121.411
6464 121.375
6472 121.34
6480 121.306
6488 121.271
6496 121.237
6504 121.203
6512 121.17
6520 121.136
6528 121.103
6536 121.071
6544 121.038
6552 121.006
6560 120.975
6568 120.943
6576 120.912
6584 120.881
6592 120.851
6600 120.82
6608 120.79
6616 120.761
6624 120.732
6632 120.703
6640 120.674
6648 120.645
6656 120.617
6664 120.59
6672 120.562
6680 120.535
6688 120.508
6696 120.482
6704 120.456
6712 120.43
6720 120.404
6728 120.379
6736 120.354
6744 120.329
6752 120.305
6760 120.281
6768 120.257
6776 120.234
6784 120.211
6792 120.188
6800 120.165
6808 120.143
6816 120.121
6824 120.1
6832 120.079
6840 120.058
6848 120.037
6856 120.017
6864 119.997
6872 119.978
6880 119.958
6888 119.94
6896 119.921
6904 119.903
6912 119.885
6920 119.867
6928 119.85
6936 119.833
6944 119.816
6952 119.8
6960 119.784
6968 119.768
6976 119.753
6984 119.737
6992 119.723
7000 119.708
7008 119.694
7016 119.681
7024 119.667
7032 119.654
7040 119.641
7048 119.629
7056 119.617
7064 119.605
7072 119.593
7080 119.582
7088 119.572
7096 119.561
7104 119.551
7112 119.541
7120 119.532
7128 119.523
7136 119.514
7144 119.505
7152 119.497
7160 119.489
7168 119.482
7176 119.475
7184 119.468
7192 119.462
7200 119.456
7208 119.45
7216 119.444
7224 119.439
7232 119.435
7240 119.43
7248 119.426
7256 119.422
7264 119.419
7272 119.416
7280 119.413
7288 119.411
7296 119.409
7304 119.407
7312 119.406
7320 119.405
7328 119.404
7336 119.404
7344 119.404
7352 119.404
7360 119.405
7368 119.406
7376 119.407
7384 119.409
7392 119.411
7400 119.414
7408 119.416
7416 119.42
7424 119.423
7432 119.427
7440 119.431
7448 119.436
7456 119.441
7464 119.446
7472 119.451
7480 119.457
7488 119.464
7496 119.47
7504 119.477
7512 119.485
7520 119.492
7528 119.5
7536 119.509
7544 119.518
7552 119.527
7560 119.536
7568 119.546
7576 119.556
7584 119.567
7592 119.578
7600 119.589
7608 119.601
7616 119.613
7624 119.625
7632 119.638
7640 119.651
7648 119.664
7656 119.678
7664 119.692
7672 119.707
7680 119.722
7688 119.737
7696 119.752
7704 119.768
7712 119.785
7720 119.801
7728 119.818
7736 119.836
7744 119.854
7752 119.872
7760 119.89
7768 119.909
7776 119.928
7784 119.948
7792 119.968
7800 119.988
7808 120.009
7816 120.03
7824 120.052
7832 120.073
7840 120.096
7848 120.118
7856 120.141
7864 120.164
7872 120.188
7880 120.212
7888 120.236
7896 120.261
7904 120.286
7912 120.312
7920 120.338
7928 120.364
7936 120.391
7944 120.418
7952 120.445
7960 120.473
7968 120.501
7976 120.53
7984 120.559
7992 120.588
8000 120.618
8008 120.648
8016 120.678
8024 120.709
8032 120.74
8040 120.772
8048 120.804
8056 120.836
8064 120.869
8072 120.902
8080 120.935
8088 120.969
8096 121.004
8104 121.038
8112 121.073
8120 121.109
8128 121.144
8136 121.181
8144 121.217
8152 121.254
8160 121.292
8168 121.329
8176 121.367
8184 121.406
8192 121.445
8200 121.484
8208 121.524
8216 121.564
8224 121.604
8232 121.645
8240 121.686
8248 121.728
8256 121.77
8264 121.812
8272 121.855
8280 121.898
8288 121.942
8296 121.986
8304 122.03
8312 122.075
8320 122.12
8328 122.166
8336 122.212
8344 122.258
8352 122.305
8360 122.352
8368 122.399
8376 122.447
8384 122.496
8392 122.544
8400 122.594
8408 122.643
8416 122.693
8424 122.743
8432 122.794
8440 122.845
8448 122.897
8456 122.949
8464 123.001
8472 123.054
8480 123.107
8488 123.161
8496 123.214
8504 123.269
8512 123.324
8520 123.379
8528 123.434
8536 123.49
8544 123.547
8552 123.604
8560 123.661
8568 123.718
8576 123.776
8584 123.835
8592 123.894
8600 123.953
8608 124.013
8616 124.073
8624 124.133
8632 124.194
8640 124.255
8648 124.317
8656 124.379
8664 124.442
8672 124.505
8680 124.568
8688 124.632
8696 124.696
8704 124.761
8712 124.826
8720 124.891
8728 124.957
8736 125.023
8744 125.09
8752 125.157
8760 125.225
8768 125.292
8776 125.361
8784 125.43
8792 125.499
8800 125.568
8808 125.639
8816 125.709
8824 125.78
8832 125.851
8840 125.923
8848 125.995
8856 126.068
8864 126.141
8872 126.214
8880 126.288
8888 126.362
8896 126.437
8904 126.512
8912 126.588
8920 126.664
8928 126.74
8936 126.817
8944 126.894
8952 126.972
8960 127.05
8968 127.128
8976 127.207
8984 127.287
8992 127.367
9000 127.447
9008 127.527
9016 127.609
9024 127.69
9032 127.772
9040 127.855
9048 127.937
9056 128.021
9064 128.104
9072 128.189
9080 128.273
9088 128.358
9096 128.444
9104 128.53
9112 128.616
9120 128.703
9128 128.79
9136 128.877
9144 128.966
9152 129.054
9160 129.143
9168 129.232
9176 129.322
9184 129.412
9192 129.503
9200 129.594
9208 129.686
9216 129.778
9224 129.87
9232 129.963
9240 130.057
9248 130.151
9256 130.245
9264 130.339
9272 130.435
9280 130.53
9288 130.626
9296 130.723
9304 130.82
9312 130.917
9320 131.015
9328 131.113
9336 131.212
9344 131.311
9352 131.411
9360 131.511
9368 131.611
9376 131.712
9384 131.813
9392 131.915
9400 132.018
9408 132.12
9416 132.224
9424 132.327
9432 132.431
9440 132.536
9448 132.641
9456 132.746
9464 132.852
9472 132.959
9480 133.065
9488 133.173
9496 133.28
9504 133.388
9512 133.497
9520 133.606
9528 133.715
9536 133.825
9544 133.935
9552 134.046
9560 134.157
9568 134.268
9576 134.38
9584 134.492
9592 134.605
9600 134.718
9608 134.832
9616 134.945
9624 135.06
9632 135.174
9640 135.289
9648 135.405
9656 135.521
9664 135.637
9672 135.753
9680 135.87
9688 135.988
9696 136.105
9704 136.223
9712 136.342
9720 136.461
9728 136.58
9736 136.699
9744 136.819
9752 136.939
9760 137.06
9768 137.181
9776 137.302
9784 137.424
9792 137.546
9800 137.668
9808 137.791
9816 137.914
9824 138.037
9832 138.161
9840 138.285
9848 138.409
9856 138.534
9864 138.659
9872 138.784
9880 138.91
9888 139.036
9896 139.162
9904 139.289
9912 139.415
9920 139.543
9928 139.67
9936 139.798
9944 139.926
9952 140.054
9960 140.183
9968 140.312
9976 140.441
9984 140.571
9992 140.701
10000 140.831
10008 140.961
10016 141.092
10024 141.223
10032 141.354
10040 141.485
10048 141.617
10056 141.749
10064 141.881
10072 142.014
10080 142.147
10088 142.28
10096 142.413
10104 142.547
10112 142.68
10120 142.814
10128 142.949
10136 143.083
10144 143.218
10152 143.353
10160 143.488
10168 143.624
10176 143.759
10184 143.895
10192 144.032
10200 144.168
10208 144.305
10216 144.441
10224 144.578
10232 144.716
10240 144.853
10248 144.991
10256 145.129
10264 145.267
10272 145.405
10280 145.543
10288 145.682
10296 145.821
10304 145.96
10312 146.099
10320 146.238
10328 146.378
10336 146.518
10344 146.658
10352 146.798
10360 146.938
10368 147.079
10376 147.219
10384 147.36
10392 147.501
10400 147.642
10408 147.784
10416 147.925
10424 148.067
10432 148.208
10440 148.35
10448 148.492
10456 148.635
10464 148.777
10472 148.919
10480 149.062
10488 149.205
10496 149.348
10504 149.491
10512 149.634
10520 149.777
10528 149.921
10536 150.064
10544 150.208
10552 150.351
10560 150.495
10568 150.639
10576 150.783
10584 150.928
10592 151.072
10600 151.216
10608 151.361
10616 151.505
10624 151.65
10632 151.795
10640 151.94
10648 152.085
10656 152.23
10664 152.375
10672 152.52
10680 152.665
10688 152.811
10696 152.956
10704 153.102
10712 153.247
10720 153.393
10728 153.539
10736 153.684
10744 153.83
10752 153.976
10760 154.122
10768 154.268
10776 154.414
10784 154.56
10792 154.706
10800 154.852
10808 154.999
10816 155.145
10824 155.291
10832 155.437
10840 155.584
10848 155.73
10856 155.877
10864 156.023
10872 156.169
10880 156.316
10888 156.462
10896 156.609
10904 156.755
10912 156.902
10920 157.048
10928 157.195
10936 157.341
10944 157.488
10952 157.634
10960 157.781
10968 157.927
10976 158.074
10984 158.22
10992 158.367
11000 158.513
11008 158.659
11016 158.806
11024 158.952
11032 159.099
11040 159.245
11048 159.391
11056 159.537
11064 159.684
11072 159.83
11080 159.976
11088 160.122
11096 160.268
11104 160.414
11112 160.56
11120 160.706
11128 160.851
11136 160.997
11144 161.143
11152 161.289
11160 161.434
11168 161.58
11176 161.725
11184 161.87
11192 162.016
11200 162.161
11208 162.306
11216 162.451
11224 162.596
11232 162.741
11240 162.885
11248 163.03
11256 163.175
11264 163.319
11272 163.464
11280 163.608
11288 163.752
11296 163.896
11304 164.04
11312 164.184
11320 164.328
11328 164.471
11336 164.615
11344 164.758
11352 164.901
11360 165.044
11368 165.187
11376 165.33
11384 165.473
11392 165.615
11400 165.758
11408 165.9
11416 166.042
11424 166.184
11432 166.326
11440 166.468
11448 166.61
11456 166.751
11464 166.892
11472 167.033
11480 167.174
11488 167.315
11496 167.456
11504 167.596
11512 167.736
11520 167.876
11528 168.016
11536 168.156
11544 168.296
11552 168.435
11560 168.574
11568 168.713
11576 168.852
11584 168.99
11592 169.129
11600 169.267
11608 169.405
11616 169.543
11624 169.68
11632 169.818
11640 169.955
11648 170.092
11656 170.229
11664 170.365
11672 170.502
11680 170.638
11688 170.773
11696 170.909
11704 171.045
11712 171.18
11720 171.315
11728 171.449
11736 171.584
11744 171.718
11752 171.852
11760 171.986
11768 172.119
11776 172.252
11784 172.385
11792 172.518
11800 172.651
11808 172.783
11816 172.915
11824 173.046
11832 173.178
11840 173.309
11848 173.44
11856 173.57
11864 173.701
11872 173.831
11880 173.96
11888 174.09
11896 174.219
11904 174.348
11912 174.476
11920 174.605
11928 174.733
11936 174.86
11944 174.988
11952 175.115
11960 175.242
11968 175.368
11976 175.494
11984 175.62
11992 175.746
12000 175.871
12008 175.996
12016 176.12
12024 176.245
12032 176.369
12040 176.492
12048 176.615
12056 176.738
12064 176.861
12072 176.983
12080 177.105
12088 177.227
12096 177.348
12104 177.469
12112 177.589
12120 177.709
12128 177.829
12136 177.948
12144 178.068
12152 178.186
12160 178.305
12168 178.423
12176 178.54
12184 178.657
12192 178.774
12200 178.891
12208 179.007
12216 179.122
12224 179.238
12232 179.353
12240 179.467
12248 179.581
12256 179.695
12264 179.808
12272 179.921
12280 180.034
12288 180.146
12296 180.258
12304 180.369
12312 180.48
12320 180.59
12328 180.701
12336 180.81
12344 180.919
12352 181.028
12360 181.137
12368 181.245
12376 181.352
12384 181.459
12392 181.566
12400 181.672
12408 181.778
12416 181.883
12424 181.988
12432 182.093
12440 182.197
12448 182.3
12456 182.403
12464 182.506
12472 182.608
12480 182.71
12488 182.811
12496 182.912
12504 183.012
12512 183.112
12520 183.211
12528 183.31
12536 183.408
12544 183.506
12552 183.604
12560 183.701
12568 183.797
12576 183.893
12584 183.988
12592 184.083
12600 184.178
12608 184.272
12616 184.365
12624 184.458
12632 184.551
12640 184.643
12648 184.734
12656 184.825
12664 184.915
12672 185.005
12680 185.094
12688 185.183
12696 185.272
12704 185.359
12712 185.447
12720 185.533
12728 185.619
12736 185.705
12744 185.79
12752 185.875
12760 185.959
12768 186.042
12776 186.125
12784 186.207
12792 186.289
12800 186.37
12808 186.451
12816 186.531
12824 186.611
12832 186.689
12840 186.768
12848 186.846
12856 186.923
12864 187
12872 187.076
12880 187.151
12888 187.226
12896 187.3
12904 187.374
12912 187.447
12920 187.52
12928 187.592
12936 187.663
12944 187.734
12952 187.804
12960 187.873
12968 187.942
12976 188.011
12984 188.078
12992 188.145
13000 188.212
13008 188.278
13016 188.343
13024 188.407
13032 188.471
13040 188.535
13048 188.597
13056 188.66
13064 188.721
13072 188.782
13080 188.842
13088 188.901
13096 188.96
13104 189.018
13112 189.076
13120 189.133
13128 189.189
13136 189.245
13144 189.299
13152 189.354
13160 189.407
13168 189.46
13176 189.512
13184 189.564
13192 189.615
13200 189.665
13208 189.715
13216 189.763
13224 189.812
13232 189.859
13240 189.906
13248 189.952
13256 189.997
13264 190.042
13272 190.086
13280 190.129
13288 190.172
13296 190.214
13304 190.255
13312 190.295
13320 190.335
13328 190.374
13336 190.412
13344 190.45
13352 190.487
13360 190.523
13368 190.558
13376 190.593
13384 190.627
13392 190.66
13400 190.692
13408 190.724
13416 190.755
13424 190.785
13432 190.815
13440 190.843
13448 190.871
13456 190.899
13464 190.925
13472 190.951
13480 190.976
13488 191
13496 191.023
13504 191.046
13512 191.068
13520 191.089
13528 191.109
13536 191.128
13544 191.147
13552 191.165
13560 191.182
13568 191.199
13576 191.214
13584 191.229
13592 191.243
13600 191.256
13608 191.269
13616 191.28
13624 191.291
13632 191.301
13640 191.31
13648 191.318
13656 191.326
13664 191.333
13672 191.338
13680 191.344
13688 191.348
13696 191.351
13704 191.354
13712 191.356
13720 191.356
13728 191.356
13736 191.356
13744 191.354
13752 191.352
13760 191.348
13768 191.344
13776 191.339
13784 191.333
13792 191.327
13800 191.319
13808 191.311
13816 191.301
13824 191.291
13832 191.28
13840 191.268
13848 191.255
13856 191.242
13864 191.227
13872 191.212
13880 191.195
13888 191.178
13896 191.16
13904 191.141
13912 191.121
13920 191.101
13928 191.079
13936 191.056
13944 191.033
13952 191.009
13960 190.983
13968 190.957
13976 190.93
13984 190.902
13992 190.873
14000 190.843
14008 190.813
14016 190.781
14024 190.748
14032 190.715
14040 190.68
14048 190.645
14056 190.609
14064 190.571
14072 190.533
14080 190.494
14088 190.454
14096 190.413
14104 190.371
14112 190.328
14120 190.284
14128 190.239
14136 190.193
14144 190.146
14152 190.099
14160 190.05
14168 190
14176 189.95
14184 189.898
14192 189.846
14200 189.792
14208 189.738
14216 189.683
14224 189.626
14232 189.569
14240 189.511
14248 189.453
14256 189.393
14264 189.332
14272 189.271
14280 189.208
14288 189.145
14296 189.081
14304 189.015
14312 188.95
14320 188.883
14328 188.815
14336 188.747
14344 188.677
14352 188.607
14360 188.536
14368 188.464
14376 188.391
14384 188.318
14392 188.243
14400 188.168
14408 188.092
14416 188.016
14424 187.938
14432 187.86
14440 187.78
14448 187.7
14456 187.62
14464 187.538
14472 187.456
14480 187.373
14488 187.289
14496 187.204
14504 187.119
14512 187.033
14520 186.946
14528 186.858
14536 186.77
14544 186.681
14552 186.591
14560 186.5
14568 186.409
14576 186.317
14584 186.224
14592 186.131
14600 186.037
14608 185.942
14616 185.847
14624 185.75
14632 185.654
14640 185.556
14648 185.458
14656 185.359
14664 185.259
14672 185.159
14680 185.058
14688 184.957
14696 184.854
14704 184.752
14712 184.648
14720 184.544
14728 184.439
14736 184.334
14744 184.228
14752 184.121
14760 184.014
14768 183.906
14776 183.798
14784 183.689
14792 183.579
14800 183.469
14808 183.358
14816 183.247
14824 183.135
14832 183.022
14840 182.909
14848 182.796
14856 182.681
14864 182.567
14872 182.451
14880 182.335
14888 182.219
14896 182.102
14904 181.985
14912 181.867
14920 181.748
14928 181.629
14936 181.51
14944 181.39
14952 181.269
14960 181.148
14968 181.026
14976 180.904
14984 180.782
14992 180.659
15000 180.535
15008 180.411
15016 180.287
15024 180.162
15032 180.037
15040 179.911
15048 179.785
15056 179.658
15064 179.531
15072 179.403
15080 179.275
15088 179.147
15096 179.018
15104 178.889
15112 178.759
15120 178.629
15128 178.499
15136 178.368
15144 178.237
15152 178.105
15160 177.973
15168 177.84
15176 177.708
15184 177.574
15192 177.441
15200 177.307
15208 177.173
15216 177.038
15224 176.903
15232 176.768
15240 176.632
15248 176.496
15256 176.36
15264 176.223
15272 176.086
15280 175.949
15288 175.811
15296 175.673
15304 175.535
15312 175.397
15320 175.258
15328 175.119
15336 174.979
15344 174.84
15352 174.7
15360 174.56
15368 174.419
15376 174.278
15384 174.137
15392 173.996
15400 173.855
15408 173.713
15416 173.571
15424 173.429
15432 173.286
15440 173.143
15448 173.001
15456 172.857
15464 172.714
15472 172.571
15480 172.427
15488 172.283
15496 172.139
15504 171.994
15512 171.85
15520 171.705
15528 171.56
15536 171.415
15544 171.27
15552 171.125
15560 170.979
15568 170.833
15576 170.688
15584 170.542
15592 170.395
15600 170.249
15608 170.103
15616 169.956
15624 169.81
15632 169.663
15640 169.516
15648 169.369
15656 169.222
15664 169.075
15672 168.927
15680 168.78
15688 168.633
15696 168.485
15704 168.337
15712 168.19
15720 168.042
15728 167.894
15736 167.746
15744 167.598
15752 167.45
15760 167.302
15768 167.154
15776 167.006
15784 166.858
15792 166.71
15800 166.562
15808 166.413
15816 166.265
15824 166.117
15832 165.969
15840 165.82
15848 165.672
15856 165.524
15864 165.376
15872 165.228
15880 165.079
15888 164.931
15896 164.783
15904 164.635
15912 164.487
15920 164.339
15928 164.191
15936 164.043
15944 163.895
15952 163.748
15960 163.6
15968 163.452
15976 163.305
15984 163.157
15992 163.01
16000 162.863
16008 162.716
16016 162.568
16024 162.421
16032 162.275
16040 162.128
16048 161.981
16056 161.835
16064 161.688
16072 161.542
16080 161.396
16088 161.25
16096 161.104
16104 160.958
16112 160.813
16120 160.667
16128 160.522
16136 160.377
16144 160.232
16152 160.088
16160 159.943
16168 159.799
16176 159.655
16184 159.511
16192 159.367
16200 159.223
16208 159.08
16216 158.937
16224 158.794
16232 158.651
16240 158.509
16248 158.367
16256 158.225
16264 158.083
16272 157.942
16280 157.8
16288 157.659
16296 157.519
16304 157.378
16312 157.238
16320 157.098
16328 156.958
16336 156.819
16344 156.68
16352 156.541
16360 156.403
16368 156.264
16376 156.127
16384 155.989
16392 155.852
16400 155.715
16408 155.578
16416 155.442
16424 155.306
16432 155.17
16440 155.035
16448 154.9
16456 154.765
16464 154.631
16472 154.497
16480 154.364
16488 154.23
16496 154.098
16504 153.965
16512 153.833
16520 153.702
16528 153.57
16536 153.439
16544 153.309
16552 153.179
16560 153.049
16568 152.92
16576 152.791
16584 152.663
16592 152.535
16600 152.407
16608 152.28
16616 152.153
16624 152.027
16632 151.901
16640 151.776
16648 151.651
16656 151.527
16664 151.403
16672 151.28
16680 151.157
16688 151.034
16696 150.912
16704 150.79
16712 150.669
16720 150.549
16728 150.429
16736 150.309
16744 150.19
16752 150.072
16760 149.954
16768 149.836
16776 149.72
16784 149.603
16792 149.487
16800 149.372
16808 149.257
16816 149.143
16824 149.029
16832 148.916
16840 148.804
16848 148.692
16856 148.581
16864 148.47
16872 148.36
16880 148.25
16888 148.141
16896 148.033
16904 147.925
16912 147.818
16920 147.711
16928 147.605
16936 147.5
16944 147.395
16952 147.291
16960 147.188
16968 147.085
16976 146.983
16984 146.881
16992 146.78
17000 146.68
17008 146.58
17016 146.482
17024 146.383
17032 146.286
17040 146.189
17048 146.093
17056 145.997
17064 145.903
17072 145.808
17080 145.715
17088 145.622
17096 145.53
17104 145.439
17112 145.349
17120 145.259
17128 145.17
17136 145.082
17144 144.994
17152 144.907
17160 144.821
17168 144.736
17176 144.651
17184 144.567
17192 144.484
17200 144.402
17208 144.32
17216 144.24
17224 144.16
17232 144.081
17240 144.002
17248 143.925
17256 143.848
17264 143.772
17272 143.697
17280 143.622
17288 143.549
17296 143.476
17304 143.404
17312 143.333
17320 143.263
17328 143.194
17336 143.125
17344 143.058
17352 142.991
17360 142.925
17368 142.86
17376 142.796
17384 142.733
17392 142.67
17400 142.609
17408 142.548
17416 142.488
17424 142.429
17432 142.371
17440 142.314
17448 142.258
17456 142.203
17464 142.149
17472 142.095
17480 142.043
17488 141.992
17496 141.941
17504 141.891
17512 141.843
17520 141.795
17528 141.748
17536 141.702
17544 141.658
17552 141.614
17560 141.571
17568 141.529
17576 141.488
17584 141.448
17592 141.409
17600 141.371
17608 141.334
17616 141.298
17624 141.263
17632 141.23
17640 141.197
17648 141.165
17656 141.134
17664 141.104
17672 141.075
17680 141.048
17688 141.021
17696 140.995
17704 140.971
17712 140.947
17720 140.925
17728 140.904
17736 140.883
17744 140.864
17752 140.846
17760 140.829
17768 140.813
17776 140.798
17784 140.785
17792 140.772
17800 140.76
17808 140.75
17816 140.741
17824 140.733
17832 140.726
17840 140.72
17848 140.715
17856 140.711
17864 140.709
17872 140.708
17880 140.707
17888 140.708
17896 140.711
17904 140.714
17912 140.718
17920 140.724
17928 140.731
17936 140.739
17944 140.748
17952 140.759
17960 140.771
17968 140.783
17976 140.798
17984 140.813
17992 140.829
18000 140.847
18008 140.866
18016 140.886
18024 140.908
18032 140.93
18040 140.954
18048 140.98
18056 141.006
18064 141.034
18072 141.063
18080 141.093
18088 141.124
18096 141.157
18104 141.191
18112 141.227
18120 141.263
18128 141.301
18136 141.341
18144 141.381
18152 141.423
18160 141.466
18168 141.511
18176 141.557
18184 141.604
18192 141.652
18200 141.702
18208 141.753
18216 141.806
18224 141.86
18232 141.915
18240 141.972
18248 142.03
18256 142.089
18264 142.15
18272 142.212
18280 142.275
18288 142.34
18296 142.406
18304 142.474
18312 142.543
18320 142.614
18328 142.685
18336 142.759
18344 142.833
18352 142.91
18360 142.987
18368 143.066
18376 143.147
18384 143.228
18392 143.312
18400 143.397
18408 143.483
18416 143.571
18424 143.66
18432 143.75
18440 143.842
18448 143.936
18456 144.031
18464 144.128
18472 144.226
18480 144.325
18488 144.426
18496 144.529
18504 144.633
18512 144.738
18520 144.846
18528 144.954
18536 145.064
18544 145.176
18552 145.289
18560 145.404
18568 145.52
18576 145.638
18584 145.758
18592 145.879
18600 146.001
18608 146.125
18616 146.251
18624 146.378
18632 146.507
18640 146.637
18648 146.77
18656 146.903
18664 147.038
18672 147.175
18680 147.314
18688 147.454
18696 147.595
18704 147.739
18712 147.884
18720 148.03
18728 148.178
18736 148.328
18744 148.48
18752 148.633
18760 148.788
18768 148.944
18776 149.102
18784 149.262
18792 149.424
18800 149.587
18808 149.752
18816 149.918
18824 150.086
18832 150.256
18840 150.428
18848 150.601
18856 150.776
18864 150.953
18872 151.131
18880 151.311
18888 151.493
18896 151.677
18904 151.862
18912 152.049
18920 152.237
18928 152.427
18936 152.619
18944 152.812
18952 153.007
18960 153.204
18968 153.402
18976 153.602
18984 153.803
18992 154.006
19000 154.211
19008 154.417
19016 154.625
19024 154.834
19032 155.045
19040 155.257
19048 155.471
19056 155.686
19064 155.903
19072 156.122
19080 156.342
19088 156.563
19096 156.786
19104 157.011
19112 157.237
19120 157.464
19128 157.693
19136 157.924
19144 158.156
19152 158.389
19160 158.624
19168 158.86
19176 159.097
19184 159.336
19192 159.577
19200 159.819
19208 160.062
19216 160.307
19224 160.553
19232 160.8
19240 161.049
19248 161.299
19256 161.551
19264 161.803
19272 162.058
19280 162.313
19288 162.57
19296 162.828
19304 163.088
19312 163.349
19320 163.611
19328 163.874
19336 164.139
19344 164.405
19352 164.672
19360 164.941
19368 165.211
19376 165.482
19384 165.754
19392 166.027
19400 166.302
19408 166.578
19416 166.855
19424 167.134
19432 167.413
19440 167.694
19448 167.976
19456 168.26
19464 168.544
19472 168.829
19480 169.116
19488 169.404
19496 169.693
19504 169.983
19512 170.275
19520 170.567
19528 170.861
19536 171.155
19544 171.451
19552 171.748
19560 172.046
19568 172.345
19576 172.645
19584 172.946
19592 173.248
19600 173.552
19608 173.856
19616 174.161
19624 174.468
19632 174.775
19640 175.084
19648 175.393
19656 175.704
19664 176.015
19672 176.328
19680 176.641
19688 176.956
19696 177.271
19704 177.588
19712 177.905
19720 178.224
19728 178.543
19736 178.863
19744 179.184
19752 179.506
19760 179.829
19768 180.153
19776 180.478
19784 180.804
19792 181.13
19800 181.458
19808 181.786
19816 182.115
19824 182.446
19832 182.777
19840 183.108
19848 183.441
19856 183.774
19864 184.109
19872 184.444
19880 184.78
19888 185.117
19896 185.454
19904 185.792
19912 186.131
19920 186.471
19928 186.812
19936 187.153
19944 187.496
19952 187.839
19960 188.182
19968 188.527
19976 188.872
19984 189.218
19992 189.564
20000 189.912
20008 190.26
20016 190.608
20024 190.958
20032 191.308
20040 191.658
20048 192.01
20056 192.362
20064 192.715
20072 193.068
20080 193.422
20088 193.776
20096 194.132
20104 194.488
20112 194.844
20120 195.201
20128 195.559
20136 195.917
20144 196.276
20152 196.635
20160 196.995
20168 197.356
20176 197.717
20184 198.079
20192 198.441
20200 198.803
20208 199.167
20216 199.53
20224 199.895
20232 200.259
20240 200.625
20248 200.991
20256 201.357
20264 201.724
20272 202.091
20280 202.458
20288 202.827
20296 203.195
20304 203.564
20312 203.934
20320 204.303
20328 204.674
20336 205.044
20344 205.416
20352 205.787
20360 206.159
20368 206.531
20376 206.904
20384 207.277
20392 207.65
20400 208.024
20408 208.398
20416 208.773
20424 209.148
20432 209.523
20440 209.898
20448 210.274
20456 210.65
20464 211.026
20472 211.403
20480 211.78
20488 212.157
20496 212.535
20504 212.913
20512 213.291
20520 213.669
20528 214.048
20536 214.426
20544 214.806
20552 215.185
20560 215.564
20568 215.944
20576 216.324
20584 216.704
20592 217.084
20600 217.465
20608 217.845
20616 218.226
20624 218.607
20632 218.988
20640 219.369
20648 219.751
20656 220.132
20664 220.514
20672 220.896
20680 221.278
20688 221.66
20696 222.042
20704 222.424
20712 222.807
20720 223.189
20728 223.571
20736 223.954
20744 224.336
20752 224.719
20760 225.102
20768 225.484
20776 225.867
20784 226.25
20792 226.633
20800 227.015
20808 227.398
20816 227.781
20824 228.164
20832 228.547
20840 228.929
20848 229.312
20856 229.695
20864 230.077
20872 230.46
20880 230.842
20888 231.225
20896 231.607
20904 231.989
20912 232.371
20920 232.753
20928 233.135
20936 233.517
20944 233.899
20952 234.281
20960 234.662
20968 235.043
20976 235.425
20984 235.806
20992 236.187
21000 236.567
21008 236.948
21016 237.328
21024 237.708
21032 238.088
21040 238.468
21048 238.848
21056 239.227
21064 239.606
21072 239.985
21080 240.364
21088 240.742
21096 241.121
21104 241.499
21112 241.876
21120 242.254
21128 242.631
21136 243.008
21144 243.384
21152 243.76
21160 244.136
21168 244.512
21176 244.887
21184 245.262
21192 245.637
21200 246.011
21208 246.385
21216 246.759
21224 247.132
21232 247.505
21240 247.877
21248 248.249
21256 248.621
21264 248.992
21272 249.363
21280 249.734
21288 250.104
21296 250.474
21304 250.843
21312 251.212
21320 251.58
21328 251.948
21336 252.315
21344 252.682
21352 253.049
21360 253.415
21368 253.78
21376 254.145
21384 254.51
21392 254.874
21400 255.237
21408 255.6
21416 255.963
21424 256.325
21432 256.686
21440 257.047
21448 257.407
21456 257.767
21464 258.126
21472 258.485
21480 258.842
21488 259.2
21496 259.557
21504 259.913
21512 260.268
21520 260.623
21528 260.978
21536 261.331
21544 261.684
21552 262.037
21560 262.388
21568 262.739
21576 263.09
21584 263.44
21592 263.789
21600 264.137
21608 264.485
21616 264.831
21624 265.178
21632 265.523
21640 265.868
21648 266.212
21656 266.555
21664 266.898
21672 267.24
21680 267.581
21688 267.921
21696 268.261
21704 268.599
21712 268.937
21720 269.274
21728 269.611
21736 269.946
21744 270.281
21752 270.615
21760 270.948
21768 271.28
21776 271.611
21784 271.942
21792 272.272
21800 272.6
21808 272.928
21816 273.255
21824 273.582
21832 273.907
21840 274.231
21848 274.555
21856 274.877
21864 275.199
21872 275.519
21880 275.839
21888 276.158
21896 276.476
21904 276.793
21912 277.109
21920 277.424
21928 277.738
21936 278.051
21944 278.363
21952 278.674
21960 278.984
21968 279.293
21976 279.601
21984 279.908
21992 280.214
22000 280.519
22008 280.822
22016 281.125
22024 281.427
22032 281.728
22040 282.027
22048 282.326
22056 282.623
22064 282.919
22072 283.215
22080 283.509
22088 283.802
22096 284.094
22104 284.384
22112 284.674
22120 284.962
22128 285.25
22136 285.536
22144 285.821
22152 286.105
22160 286.387
22168 286.669
22176 286.949
22184 287.228
22192 287.506
22200 287.782
22208 288.058
22216 288.332
22224 288.605
22232 288.876
22240 289.147
22248 289.416
22256 289.684
22264 289.951
22272 290.216
22280 290.48
22288 290.743
22296 291.004
22304 291.264
22312 291.523
22320 291.781
22328 292.037
22336 292.292
22344 292.545
22352 292.798
22360 293.049
22368 293.298
22376 293.546
22384 293.793
22392 294.038
22400 294.282
22408 294.525
22416 294.766
22424 295.006
22432 295.244
22440 295.481
22448 295.716
22456 295.95
22464 296.183
22472 296.414
22480 296.644
22488 296.872
22496 297.099
22504 297.324
22512 297.548
22520 297.77
22528 297.991
22536 298.21
22544 298.428
22552 298.644
22560 298.859
22568 299.072
22576 299.283
22584 299.493
22592 299.702
22600 299.909
22608 300.114
22616 300.318
22624 300.52
22632 300.721
22640 300.92
22648 301.117
22656 301.313
22664 301.507
22672 301.7
22680 301.891
22688 302.08
22696 302.267
22704 302.453
22712 302.638
22720 302.82
22728 303.001
22736 303.181
22744 303.358
22752 303.534
22760 303.708
22768 303.881
22776 304.051
22784 304.22
22792 304.388
22800 304.553
22808 304.717
22816 304.879
22824 305.039
22832 305.198
22840 305.355
22848 305.51
22856 305.663
22864 305.814
22872 305.964
22880 306.111
22888 306.257
22896 306.401
22904 306.544
22912 306.684
22920 306.823
22928 306.96
22936 307.094
22944 307.227
22952 307.359
22960 307.488
22968 307.615
22976 307.741
22984 307.864
22992 307.986
23000 308.106
23008 308.224
23016 308.34
23024 308.454
23032 308.566
23040 308.676
23048 308.784
23056 308.89
23064 308.994
23072 309.097
23080 309.197
23088 309.295
23096 309.391
23104 309.486
23112 309.578
23120 309.668
23128 309.756
23136 309.842
23144 309.927
23152 310.009
23160 310.089
23168 310.167
23176 310.242
23184 310.316
23192 310.388
23200 310.458
23208 310.525
23216 310.591
23224 310.654
23232 310.715
23240 310.774
23248 310.831
23256 310.886
23264 310.939
23272 310.989
23280 311.038
23288 311.084
23296 311.128
23304 311.17
23312 311.209
23320 311.247
23328 311.282
23336 311.315
23344 311.346
23352 311.375
23360 311.401
23368 311.425
23376 311.447
23384 311.467
23392 311.484
23400 311.499
23408 311.512
23416 311.523
23424 311.531
23432 311.537
23440 311.541
23448 311.542
23456 311.541
23464 311.538
23472 311.532
23480 311.524
23488 311.514
23496 311.502
23504 311.487
23512 311.469
23520 311.45
23528 311.428
23536 311.403
23544 311.376
23552 311.347
23560 311.316
23568 311.282
23576 311.245
23584 311.206
23592 311.165
23600 311.122
23608 311.076
23616 311.027
23624 310.977
23632 310.923
23640 310.868
23648 310.81
23656 310.75
23664 310.688
23672 310.623
23680 310.556
23688 310.487
23696 310.415
23704 310.341
23712 310.265
23720 310.186
23728 310.105
23736 310.022
23744 309.937
23752 309.849
23760 309.759
23768 309.667
23776 309.573
23784 309.476
23792 309.377
23800 309.276
23808 309.173
23816 309.068
23824 308.96
23832 308.85
23840 308.738
23848 308.624
23856 308.507
23864 308.389
23872 308.268
23880 308.145
23888 308.02
23896 307.893
23904 307.763
23912 307.632
23920 307.498
23928 307.363
23936 307.225
23944 307.085
23952 306.943
23960 306.799
23968 306.653
23976 306.504
23984 306.354
23992 306.202
24000 306.047
24008 305.891
24016 305.732
24024 305.571
24032 305.409
24040 305.244
24048 305.077
24056 304.909
24064 304.738
24072 304.565
24080 304.39
24088 304.214
24096 304.035
24104 303.854
24112 303.672
24120 303.487
24128 303.3
24136 303.112
24144 302.922
24152 302.729
24160 302.535
24168 302.339
24176 302.14
24184 301.94
24192 301.738
24200 301.534
24208 301.329
24216 301.121
24224 300.912
24232 300.7
24240 300.487
24248 300.272
24256 300.055
24264 299.836
24272 299.615
24280 299.393
24288 299.168
24296 298.942
24304 298.714
24312 298.484
24320 298.253
24328 298.019
24336 297.784
24344 297.547
24352 297.309
24360 297.068
24368 296.826
24376 296.582
24384 296.336
24392 296.089
24400 295.839
24408 295.588
24416 295.336
24424 295.081
24432 294.825
24440 294.567
24448 294.308
24456 294.046
24464 293.784
24472 293.519
24480 293.253
24488 292.985
24496 292.715
24504 292.444
24512 292.171
24520 291.897
24528 291.62
24536 291.343
24544 291.063
24552 290.782
24560 290.499
24568 290.215
24576 289.929
24584 289.642
24592 289.353
24600 289.062
24608 288.77
24616 288.476
24624 288.181
24632 287.884
24640 287.586
24648 287.286
24656 286.985
24664 286.682
24672 286.377
24680 286.071
24688 285.764
24696 285.455
24704 285.144
24712 284.832
24720 284.519
24728 284.204
24736 283.888
24744 283.57
24752 283.25
24760 282.93
24768 282.607
24776 282.284
24784 281.959
24792 281.632
24800 281.304
24808 280.975
24816 280.644
24824 280.312
24832 279.979
24840 279.644
24848 279.308
24856 278.97
24864 278.631
24872 278.291
24880 277.949
24888 277.606
24896 277.262
24904 276.916
24912 276.569
24920 276.221
24928 275.871
24936 275.52
24944 275.168
24952 274.814
24960 274.459
24968 274.103
24976 273.746
24984 273.387
24992 273.027
25000 272.666
25008 272.304
25016 271.94
25024 271.575
25032 271.209
25040 270.842
25048 270.473
25056 270.103
25064 269.732
25072 269.36
25080 268.987
25088 268.612
25096 268.237
25104 267.86
25112 267.482
25120 267.102
25128 266.722
25136 266.341
25144 265.958
25152 265.574
25160 265.189
25168 264.803
25176 264.416
25184 264.028
25192 263.639
25200 263.248
25208 262.857
25216 262.464
25224 262.071
25232 261.676
25240 261.28
25248 260.883
25256 260.485
25264 260.086
25272 259.686
25280 259.285
25288 258.883
25296 258.48
25304 258.076
25312 257.671
25320 257.265
25328 256.858
25336 256.45
25344 256.041
25352 255.631
25360 255.22
25368 254.809
25376 254.396
25384 253.982
25392 253.567
25400 253.152
25408 252.735
25416 252.318
25424 251.899
25432 251.48
25440 251.06
25448 250.639
25456 250.217
25464 249.794
25472 249.37
25480 248.946
25488 248.52
25496 248.094
25504 247.667
25512 247.239
25520 246.81
25528 246.38
25536 245.95
25544 245.518
25552 245.086
25560 244.653
25568 244.22
25576 243.785
25584 243.35
25592 242.914
25600 242.477
25608 242.04
25616 241.601
25624 241.162
25632 240.722
25640 240.282
25648 239.84
25656 239.398
25664 238.956
25672 238.512
25680 238.068
25688 237.623
25696 237.178
25704 236.731
25712 236.285
25720 235.837
25728 235.389
25736 234.94
25744 234.49
25752 234.04
25760 233.589
25768 233.138
25776 232.685
25784 232.233
25792 231.779
25800 231.325
25808 230.871
25816 230.416
25824 229.96
25832 229.504
25840 229.047
25848 228.589
25856 228.131
25864 227.672
25872 227.213
25880 226.754
25888 226.293
25896 225.833
25904 225.371
25912 224.909
25920 224.447
25928 223.984
25936 223.521
25944 223.057
25952 222.593
25960 222.128
25968 221.663
25976 221.197
25984 220.731
25992 220.264
26000 219.797
26008 219.33
26016 218.862
26024 218.393
26032 217.924
26040 217.455
26048 216.986
26056 216.515
26064 216.045
26072 215.574
26080 215.103
26088 214.631
26096 214.159
26104 213.687
26112 213.214
26120 212.741
26128 212.268
26136 211.794
26144 211.32
26152 210.846
26160 210.371
26168 209.896
26176 209.421
26184 208.945
26192 208.469
26200 207.993
26208 207.517
26216 207.04
26224 206.563
26232 206.086
26240 205.608
26248 205.13
26256 204.652
26264 204.174
26272 203.696
26280 203.217
26288 202.738
26296 202.259
26304 201.78
26312 201.3
26320 200.82
26328 200.341
26336 199.86
26344 199.38
26352 198.9
26360 198.419
26368 197.939
26376 197.458
26384 196.977
26392 196.496
26400 196.014
26408 195.533
26416 195.051
26424 194.57
26432 194.088
26440 193.606
26448 193.125
26456 192.643
26464 192.161
26472 191.678
26480 191.196
26488 190.714
26496 190.232
26504 189.75
26512 189.267
26520 188.785
26528 188.303
26536 187.82
26544 187.338
26552 186.855
26560 186.373
26568 185.891
26576 185.408
26584 184.926
26592 184.444
26600 183.961
26608 183.479
26616 182.997
26624 182.515
26632 182.033
26640 181.551
26648 181.069
26656 180.587
26664 180.105
26672 179.623
26680 179.142
26688 178.66
26696 178.179
26704 177.698
26712 177.217
26720 176.736
26728 176.255
26736 175.774
26744 175.294
26752 174.813
26760 174.333
26768 173.853
26776 173.373
26784 172.894
26792 172.414
26800 171.935
26808 171.456
26816 170.977
26824 170.498
26832 170.02
26840 169.542
26848 169.064
26856 168.586
26864 168.108
26872 167.631
26880 167.154
26888 166.677
26896 166.201
26904 165.725
26912 165.249
26920 164.774
26928 164.298
26936 163.823
26944 163.349
26952 162.874
26960 162.4
26968 161.927
26976 161.453
26984 160.98
26992 160.508
27000 160.036
27008 159.564
27016 159.092
27024 158.621
27032 158.15
27040 157.68
27048 157.21
27056 156.74
27064 156.271
27072 155.802
27080 155.334
27088 154.866
27096 154.399
27104 153.932
27112 153.465
27120 152.999
27128 152.534
27136 152.068
27144 151.604
27152 151.139
27160 150.676
27168 150.212
27176 149.75
27184 149.287
27192 148.826
27200 148.365
27208 147.904
27216 147.444
27224 146.984
27232 146.525
27240 146.067
27248 145.609
27256 145.151
27264 144.694
27272 144.238
27280 143.783
27288 143.328
27296 142.873
27304 142.419
27312 141.966
27320 141.513
27328 141.061
27336 140.61
27344 140.159
27352 139.709
27360 139.26
27368 138.811
27376 138.363
27384 137.915
27392 137.468
27400 137.022
27408 136.577
27416 136.132
27424 135.688
27432 135.245
27440 134.802
27448 134.36
27456 133.919
27464 133.479
27472 133.039
27480 132.6
27488 132.162
27496 131.725
27504 131.288
27512 130.852
27520 130.417
27528 129.983
27536 129.549
27544 129.116
27552 128.684
27560 128.253
27568 127.823
27576 127.393
27584 126.965
27592 126.537
27600 126.11
27608 125.684
27616 125.258
27624 124.834
27632 124.41
27640 123.988
27648 123.566
27656 123.145
27664 122.725
27672 122.306
27680 121.888
27688 121.47
27696 121.054
27704 120.639
27712 120.224
27720 119.81
27728 119.398
27736 118.986
27744 118.575
27752 118.166
27760 117.757
27768 117.349
27776 116.942
27784 116.536
27792 116.132
27800 115.728
27808 115.325
27816 114.923
27824 114.522
27832 114.123
27840 113.724
27848 113.326
27856 112.929
27864 112.534
27872 112.139
27880 111.746
27888 111.354
27896 110.962
27904 110.572
27912 110.183
27920 109.795
27928 109.408
27936 109.022
27944 108.638
27952 108.254
27960 107.872
27968 107.49
27976 107.11
27984 106.731
27992 106.353
28000 105.977
28008 105.601
28016 105.227
28024 104.854
28032 104.482
28040 104.111
28048 103.742
28056 103.373
28064 103.006
28072 102.64
28080 102.276
28088 101.912
28096 101.55
28104 101.189
28112 100.829
28120 100.471
28128 100.114
28136 99.758
28144 99.4034
28152 99.0501
28160 98.6981
28168 98.3474
28176 97.9979
28184 97.6499
28192 97.3031
28200 96.9576
28208 96.6135
28216 96.2707
28224 95.9293
28232 95.5892
28240 95.2505
28248 94.9132
28256 94.5772
28264 94.2426
28272 93.9093
28280 93.5775
28288 93.2471
28296 92.918
28304 92.5903
28312 92.264
28320 91.9391
28328 91.6155
28336 91.2933
28344 90.9725
28352 90.6531
28360 90.335
28368 90.0182
28376 89.7029
28384 89.3889
28392 89.0762
28400 88.7649
28408 88.455
28416 88.1464
28424 87.8391
28432 87.5332
28440 87.2286
28448 86.9254
28456 86.6235
28464 86.3229
28472 86.0237
28480 85.7258
28488 85.4292
28496 85.134
28504 84.84
28512 84.5474
28520 84.2561
28528 83.9661
28536 83.6775
28544 83.3901
28552 83.1041
28560 82.8193
28568 82.5359
28576 82.2537
28584 81.9729
28592 81.6934
28600 81.4151
28608 81.1381
28616 80.8625
28624 80.5881
28632 80.315
28640 80.0432
28648 79.7726
28656 79.5034
28664 79.2354
28672 78.9687
28680 78.7032
28688 78.439
28696 78.1761
28704 77.9145
28712 77.6541
28720 77.395
28728 77.1371
28736 76.8805
28744 76.6251
28752 76.371
28760 76.1181
28768 75.8665
28776 75.6161
28784 75.3669
28792 75.119
28800 74.8723
28808 74.6269
28816 74.3827
28824 74.1397
28832 73.8979
28840 73.6574
28848 73.4181
28856 73.18
28864 72.9431
28872 72.7074
28880 72.4729
28888 72.2397
28896 72.0076
28904 71.7768
28912 71.5472
28920 71.3187
28928 71.0915
28936 70.8654
28944 70.6406
28952 70.4169
28960 70.1944
28968 69.9731
28976 69.753
28984 69.5341
28992 69.3163
29000 69.0998
29008 68.8844
29016 68.6701
29024 68.4571
29032 68.2452
29040 68.0344
29048 67.8249
29056 67.6164
29064 67.4092
29072 67.2031
29080 66.9981
29088 66.7943
29096 66.5917
29104 66.3902
29112 66.1898
29120 65.9906
29128 65.7925
29136 65.5956
29144 65.3997
29152 65.2051
29160 65.0115
29168 64.8191
29176 64.6278
29184 64.4376
29192 64.2485
29200 64.0606
29208 63.8737
29216 63.688
29224 63.5034
29232 63.3199
29240 63.1375
29248 62.9562
29256 62.776
29264 62.5969
29272 62.4189
29280 62.242
29288 62.0661
29296 61.8914
29304 61.7178
29312 61.5452
29320 61.3737
29328 61.2033
29336 61.034
29344 60.8657
29352 60.6986
29360 60.5325
29368 60.3674
29376 60.2034
29384 60.0405
29392 59.8787
29400 59.7179
29408 59.5581
29416 59.3994
29424 59.2418
29432 59.0852
29440 58.9297
29448 58.7752
29456 58.6217
29464 58.4693
29472 58.3179
29480 58.1676
29488 58.0183
29496 57.87
29504 57.7227
29512 57.5765
29520 57.4313
29528 57.2871
29536 57.1439
29544 57.0017
29552 56.8606
29560 56.7205
29568 56.5813
29576 56.4432
29584 56.3061
29592 56.17
29600 56.0349
29608 55.9008
29616 55.7676
29624 55.6355
29632 55.5044
29640 55.3742
29648 55.245
29656 55.1168
29664 54.9896
29672 54.8634
29680 54.7381
29688 54.6139
29696 54.4905
29704 54.3682
29712 54.2468
29720 54.1264
29728 54.0069
29736 53.8884
29744 53.7709
29752 53.6543
29760 53.5387
29768 53.424
29776 53.3103
29784 53.1975
29792 53.0856
29800 52.9747
29808 52.8647
29816 52.7557
29824 52.6476
29832 52.5404
29840 52.4342
29848 52.3289
29856 52.2245
29864 52.121
29872 52.0184
29880 51.9168
29888 51.8161
29896 51.7163
29904 51.6174
29912 51.5194
29920 51.4223
29928 51.3261
29936 51.2308
29944 51.1364
29952 51.0429
29960 50.9503
29968 50.8586
29976 50.7678
29984 50.6778
29992 50.5888
30000 50.5006
30008 50.4133
30016 50.3269
30024 50.2413
30032 50.1566
30040 50.0728
30048 49.9899
30056 49.9078
30064 49.8266
30072 49.7462
30080 49.6667
30088 49.5881
30096 49.5103
30104 49.4334
30112 49.3573
30120 49.282
30128 49.2076
30136 49.1341
30144 49.0614
30152 48.9895
30160 48.9184
30168 48.8482
30176 48.7788
30184 48.7103
30192 48.6425
30200 48.5756
30208 48.5095
30216 48.4442
30224 48.3798
30232 48.3161
30240 48.2533
30248 48.1912
30256 48.13
30264 48.0696
30272 48.01
30280 47.9511
30288 47.8931
30296 47.8359
30304 47.7794
30312 47.7238
30320 47.6689
30328 47.6148
30336 47.5615
30344 47.509
30352 47.4572
30360 47.4063
30368 47.3561
30376 47.3066
30384 47.258
30392 47.2101
30400 47.163
30408 47.1166
30416 47.071
30424 47.0261
30432 46.982
30440 46.9387
30448 46.8961
30456 46.8542
30464 46.8131
30472 46.7727
30480 46.7331
30488 46.6942
30496 46.656
30504 46.6186
30512 46.5819
30520 46.546
30528 46.5107
30536 46.4762
30544 46.4424
30552 46.4093
30560 46.377
30568 46.3453
30576 46.3144
30584 46.2841
30592 46.2546
30600 46.2258
30608 46.1977
30616 46.1703
30624 46.1435
30632 46.1175
30640 46.0922
30648 46.0675
30656 46.0436
30664 46.0203
30672 45.9977
30680 45.9758
30688 45.9546
30696 45.934
30704 45.9142
30712 45.895
30720 45.8764
30728 45.8585
30736 45.8413
30744 45.8248
30752 45.8089
30760 45.7937
30768 45.7791
30776 45.7652
30784 45.7519
30792 45.7393
30800 45.7273
30808 45.716
30816 45.7053
30824 45.6952
30832 45.6858
30840 45.677
30848 45.6688
30856 45.6613
30864 45.6544
30872 45.6481
30880 45.6425
30888 45.6374
30896 45.633
30904 45.6292
30912 45.626
30920 45.6234
30928 45.6214
30936 45.6201
30944 45.6193
30952 45.6191
30960 45.6196
30968 45.6206
30976 45.6222
30984 45.6244
30992 45.6272
31000 45.6306
31008 45.6346
31016 45.6391
31024 45.6443
31032 45.65
31040 45.6562
31048 45.6631
31056 45.6705
31064 45.6785
31072 45.6871
31080 45.6962
31088 45.7059
31096 45.7161
31104 45.7269
31112 45.7382
31120 45.7501
31128 45.7626
31136 45.7756
31144 45.7891
31152 45.8032
31160 45.8178
31168 45.833
31176 45.8486
31184 45.8649
31192 45.8816
31200 45.8989
31208 45.9167
31216 45.935
31224 45.9539
31232 45.9732
31240 45.9931
31248 46.0135
31256 46.0344
31264 46.0558
31272 46.0777
31280 46.1001
31288 46.1231
31296 46.1465
31304 46.1704
31312 46.1948
31320 46.2197
31328 46.2451
31336 46.271
31344 46.2974
31352 46.3242
31360 46.3515
31368 46.3793
31376 46.4076
31384 46.4364
31392 46.4656
31400 46.4953
31408 46.5255
31416 46.5561
31424 46.5872
31432 46.6187
31440 46.6507
31448 46.6832
31456 46.7161
31464 46.7494
31472 46.7832
31480 46.8175
31488 46.8522
31496 46.8873
31504 46.9229
31512 46.9589
31520 46.9953
31528 47.0322
31536 47.0695
31544 47.1072
31552 47.1454
31560 47.1839
31568 47.2229
31576 47.2623
31584 47.3021
31592 47.3424
31600 47.383
31608 47.4241
31616 47.4655
31624 47.5074
31632 47.5496
31640 47.5923
31648 47.6353
31656 47.6788
31664 47.7226
31672 47.7668
31680 47.8114
31688 47.8564
31696 47.9018
31704 47.9475
31712 47.9936
31720 48.0401
31728 48.087
31736 48.1343
31744 48.1819
31752 48.2298
31760 48.2782
31768 48.3269
31776 48.3759
31784 48.4253
31792 48.4751
31800 48.5252
31808 48.5756
31816 48.6265
31824 48.6776
31832 48.7291
31840 48.7809
31848 48.8331
31856 48.8856
31864 48.9384
31872 48.9916
31880 49.0451
31888 49.0989
31896 49.153
31904 49.2074
31912 49.2622
31920 49.3173
31928 49.3727
31936 49.4284
31944 49.4844
31952 49.5408
31960 49.5974
31968 49.6543
31976 49.7115
31984 49.7691
31992 49.8269
32000 49.885
32008 49.9434
32016 50.0021
32024 50.061
32032 50.1203
32040 50.1798
32048 50.2396
32056 50.2997
32064 50.3601
32072 50.4207
32080 50.4816
32088 50.5427
32096 50.6042
32104 50.6658
32112 50.7278
32120 50.79
32128 50.8524
32136 50.9151
32144 50.9781
32152 51.0413
32160 51.1047
32168 51.1684
32176 51.2324
32184 51.2965
32192 51.3609
32200 51.4255
32208 51.4904
32216 51.5555
32224 51.6208
32232 51.6864
32240 51.7521
32248 51.8181
32256 51.8843
32264 51.9507
32272 52.0173
32280 52.0841
32288 52.1512
32296 52.2184
32304 52.2859
32312 52.3535
32320 52.4213
32328 52.4894
32336 52.5576
32344 52.626
32352 52.6946
32360 52.7634
32368 52.8324
32376 52.9015
32384 52.9709
32392 53.0404
32400 53.1101
32408 53.1799
32416 53.2499
32424 53.3201
32432 53.3905
32440 53.461
32448 53.5317
32456 53.6025
32464 53.6735
32472 53.7446
32480 53.8159
32488 53.8873
32496 53.9589
32504 54.0307
32512 54.1025
32520 54.1745
32528 54.2467
32536 54.3189
32544 54.3913
32552 54.4639
32560 54.5365
32568 54.6093
32576 54.6822
32584 54.7553
32592 54.8284
32600 54.9017
32608 54.975
32616 55.0485
32624 55.1221
32632 55.1958
32640 55.2696
32648 55.3435
32656 55.4175
32664 55.4916
32672 55.5658
32680 55.64
32688 55.7144
32696 55.7889
32704 55.8634
32712 55.938
32720 56.0127
32728 56.0875
32736 56.1623
32744 56.2373
32752 56.3123
32760 56.3873
32768 56.4624
32776 56.5376
32784 56.6129
32792 56.6882
32800 56.7635
32808 56.839
32816 56.9144
32824 56.9899
32832 57.0655
32840 57.1411
32848 57.2168
32856 57.2924
32864 57.3682
32872 57.4439
32880 57.5197
32888 57.5955
32896 57.6714
32904 57.7473
32912 57.8232
32920 57.8991
32928 57.975
32936 58.051
32944 58.1269
32952 58.2029
32960 58.2789
32968 58.3549
32976 58.4309
