0 213.059
8 249.146
16 284.419
24 318.887
32 352.564
40 385.461
48 417.589
56 448.959
64 479.582
72 509.469
80 538.632
88 567.08
96 594.824
104 621.876
112 648.244
120 673.94
128 698.974
136 723.355
144 747.094
152 770.2
160 792.683
168 814.552
176 835.818
184 856.489
192 876.574
200 896.083
208 915.025
216 933.409
224 951.243
232 968.537
240 985.298
248 1001.54
256 1017.26
264 1032.47
272 1047.19
280 1061.42
288 1075.16
296 1088.43
304 1101.24
312 1113.58
320 1125.48
328 1136.93
336 1147.94
344 1158.52
352 1168.69
360 1178.44
368 1187.78
376 1196.72
384 1205.27
392 1213.43
400 1221.22
408 1228.63
416 1235.67
424 1242.36
432 1248.69
440 1254.68
448 1260.32
456 1265.63
464 1270.61
472 1275.28
480 1279.62
488 1283.66
496 1287.39
504 1290.82
512 1293.96
520 1296.81
528 1299.38
536 1301.68
544 1303.7
552 1305.46
560 1306.96
568 1308.2
576 1309.2
584 1309.95
592 1310.46
600 1310.73
608 1310.78
616 1310.6
624 1310.2
632 1309.58
640 1308.76
648 1307.72
656 1306.49
664 1305.06
672 1303.43
680 1301.62
688 1299.62
696 1297.44
704 1295.08
712 1292.56
720 1289.86
728 1287
736 1283.98
744 1280.8
752 1277.47
760 1274
768 1270.37
776 1266.61
784 1262.71
792 1258.67
800 1254.5
808 1250.21
816 1245.79
824 1241.25
832 1236.59
840 1231.82
848 1226.94
856 1221.95
864 1216.85
872 1211.66
880 1206.36
888 1200.97
896 1195.49
904 1189.91
912 1184.25
920 1178.51
928 1172.68
936 1166.78
944 1160.8
952 1154.74
960 1148.62
968 1142.42
976 1136.16
984 1129.84
992 1123.46
1000 1117.01
1008 1110.51
1016 1103.96
1024 1097.36
1032 1090.7
1040 1084
1048 1077.25
1056 1070.46
1064 1063.63
1072 1056.76
1080 1049.86
1088 1042.91
1096 1035.94
1104 1028.93
1112 1021.9
1120 1014.84
1128 1007.75
1136 1000.64
1144 993.506
1152 986.353
1160 979.181
1168 971.993
1176 964.789
1184 957.572
1192 950.342
1200 943.102
1208 935.853
1216 928.596
1224 921.334
1232 914.066
1240 906.796
1248 899.523
1256 892.25
1264 884.978
1272 877.708
1280 870.441
1288 863.179
1296 855.923
1304 848.674
1312 841.433
1320 834.201
1328 826.98
1336 819.77
1344 812.573
1352 805.39
1360 798.221
1368 791.068
1376 783.932
1384 776.814
1392 769.714
1400 762.634
1408 755.574
1416 748.535
1424 741.519
1432 734.525
1440 727.556
1448 720.611
1456 713.691
1464 706.798
1472 699.931
1480 693.092
1488 686.282
1496 679.5
1504 672.748
1512 666.027
1520 659.336
1528 652.677
1536 646.05
1544 639.456
1552 632.896
1560 626.369
1568 619.876
1576 613.419
1584 606.997
1592 600.611
1600 594.261
1608 587.948
1616 581.672
1624 575.434
1632 569.234
1640 563.073
1648 556.951
1656 550.868
1664 544.824
1672 538.82
1680 532.857
1688 526.935
1696 521.053
1704 515.213
1712 509.414
1720 503.657
1728 497.941
1736 492.269
1744 486.638
1752 481.051
1760 475.506
1768 470.005
1776 464.546
1784 459.132
1792 453.761
1800 448.434
1808 443.151
1816 437.912
1824 432.717
1832 427.567
1840 422.461
1848 417.399
1856 412.383
1864 407.411
1872 402.484
1880 397.601
1888 392.764
1896 387.972
1904 383.225
1912 378.522
1920 373.865
1928 369.253
1936 364.686
1944 360.164
1952 355.688
1960 351.256
1968 346.869
1976 342.528
1984 338.231
1992 333.979
2000 329.772
2008 325.61
2016 321.493
2024 317.42
2032 313.392
2040 309.409
2048 305.47
2056 301.575
2064 297.724
2072 293.918
2080 290.156
2088 286.437
2096 282.763
2104 279.132
2112 275.544
2120 272
2128 268.499
2136 265.042
2144 261.627
2152 258.255
2160 254.926
2168 251.639
2176 248.394
2184 245.192
2192 242.032
2200 238.913
2208 235.836
2216 232.8
2224 229.806
2232 226.852
2240 223.94
2248 221.068
2256 218.236
2264 215.445
2272 212.693
2280 209.982
2288 207.31
2296 204.677
2304 202.084
2312 199.529
2320 197.013
2328 194.535
2336 192.096
2344 189.694
2352 187.331
2360 185.005
2368 182.716
2376 180.464
2384 178.248
2392 176.07
2400 173.927
2408 171.821
2416 169.75
2424 167.715
2432 165.715
2440 163.75
2448 161.82
2456 159.924
2464 158.062
2472 156.234
2480 154.44
2488 152.68
2496 150.952
2504 149.257
2512 147.595
2520 145.966
2528 144.368
2536 142.802
2544 141.267
2552 139.764
2560 138.292
2568 136.85
2576 135.439
2584 134.058
2592 132.707
2600 131.385
2608 130.092
2616 128.829
2624 127.594
2632 126.388
2640 125.21
2648 124.06
2656 122.937
2664 121.842
2672 120.774
2680 119.733
2688 118.718
2696 117.729
2704 116.766
2712 115.829
2720 114.918
2728 114.031
2736 113.169
2744 112.332
2752 111.519
2760 110.73
2768 109.965
2776 109.223
2784 108.504
2792 107.808
2800 107.135
2808 106.484
2816 105.855
2824 105.248
2832 104.663
2840 104.099
2848 103.555
2856 103.033
2864 102.53
2872 102.048
2880 101.586
2888 101.144
2896 100.72
2904 100.316
2912 99.9311
2920 99.5644
2928 99.2159
2936 98.8856
2944 98.5729
2952 98.2779
2960 98
2968 97.7392
2976 97.4951
2984 97.2674
2992 97.056
3000 96.8606
3008 96.6809
3016 96.5167
3024 96.3677
3032 96.2337
3040 96.1144
3048 96.0096
3056 95.9191
3064 95.8425
3072 95.7797
3080 95.7304
3088 95.6944
3096 95.6714
3104 95.6612
3112 95.6635
3120 95.6782
3128 95.705
3136 95.7436
3144 95.7939
3152 95.8556
3160 95.9284
3168 96.0122
3176 96.1068
3184 96.2118
3192 96.3272
3200 96.4525
3208 96.5878
3216 96.7327
3224 96.8869
3232 97.0504
3240 97.2229
3248 97.4042
3256 97.594
3264 97.7922
3272 97.9985
3280 98.2128
3288 98.4348
3296 98.6644
3304 98.9014
3312 99.1455
3320 99.3965
3328 99.6543
3336 99.9187
3344 100.189
3352 100.466
3360 100.749
3368 101.038
3376 101.332
3384 101.632
3392 101.937
3400 102.247
3408 102.562
3416 102.882
3424 103.207
3432 103.535
3440 103.868
3448 104.205
3456 104.546
3464 104.89
3472 105.238
3480 105.59
3488 105.944
3496 106.302
3504 106.662
3512 107.026
3520 107.392
3528 107.76
3536 108.13
3544 108.503
3552 108.877
3560 109.254
3568 109.632
3576 110.012
3584 110.393
3592 110.775
3600 111.158
3608 111.543
3616 111.928
3624 112.314
3632 112.7
3640 113.087
3648 113.474
3656 113.861
3664 114.249
3672 114.636
3680 115.023
3688 115.41
3696 115.796
3704 116.182
3712 116.567
3720 116.952
3728 117.335
3736 117.718
3744 118.099
3752 118.479
3760 118.858
3768 119.235
3776 119.611
3784 119.985
3792 120.357
3800 120.728
3808 121.096
3816 121.463
3824 121.827
3832 122.189
3840 122.549
3848 122.906
3856 123.261
3864 123.613
3872 123.963
3880 124.31
3888 124.653
3896 124.994
3904 125.332
3912 125.667
3920 125.999
3928 126.327
3936 126.652
3944 126.974
3952 127.292
3960 127.607
3968 127.918
3976 128.226
3984 128.529
3992 128.829
4000 129.125
4008 129.417
4016 129.705
4024 129.989
4032 130.269
4040 130.545
4048 130.816
4056 131.083
4064 131.346
4072 131.605
4080 131.859
4088 132.108
4096 132.353
4104 132.594
4112 132.829
4120 133.06
4128 133.287
4136 133.508
4144 133.725
4152 133.937
4160 134.144
4168 134.346
4176 134.544
4184 134.736
4192 134.923
4200 135.105
4208 135.282
4216 135.454
4224 135.621
4232 135.782
4240 135.939
4248 136.09
4256 136.236
4264 136.376
4272 136.512
4280 136.642
4288 136.766
4296 136.886
4304 137
4312 137.108
4320 137.211
4328 137.309
4336 137.401
4344 137.488
4352 137.569
4360 137.645
4368 137.715
4376 137.78
4384 137.839
4392 137.893
4400 137.941
4408 137.984
4416 138.021
4424 138.053
4432 138.079
4440 138.099
4448 138.114
4456 138.123
4464 138.127
4472 138.126
4480 138.118
4488 138.106
4496 138.087
4504 138.063
4512 138.034
4520 137.999
4528 137.958
4536 137.912
4544 137.861
4552 137.804
4560 137.741
4568 137.673
4576 137.6
4584 137.521
4592 137.437
4600 137.347
4608 137.252
4616 137.151
4624 137.045
4632 136.934
4640 136.817
4648 136.695
4656 136.568
4664 136.435
4672 136.297
4680 136.154
4688 136.006
4696 135.852
4704 135.693
4712 135.529
4720 135.36
4728 135.186
4736 135.006
4744 134.822
4752 134.632
4760 134.438
4768 134.238
4776 134.034
4784 133.824
4792 133.61
4800 133.391
4808 133.167
4816 132.938
4824 132.704
4832 132.465
4840 132.222
4848 131.974
4856 131.721
4864 131.464
4872 131.202
4880 130.936
4888 130.665
4896 130.389
4904 130.109
4912 129.824
4920 129.536
4928 129.242
4936 128.945
4944 128.643
4952 128.336
4960 128.026
4968 127.711
4976 127.393
4984 127.07
4992 126.743
5000 126.412
5008 126.077
5016 125.738
5024 125.395
5032 125.048
5040 124.697
5048 124.343
5056 123.984
5064 123.622
5072 123.257
5080 122.887
5088 122.515
5096 122.138
5104 121.758
5112 121.375
5120 120.988
5128 120.598
5136 120.204
5144 119.807
5152 119.407
5160 119.003
5168 118.597
5176 118.187
5184 117.774
5192 117.358
5200 116.94
5208 116.518
5216 116.093
5224 115.666
5232 115.235
5240 114.802
5248 114.366
5256 113.927
5264 113.486
5272 113.042
5280 112.596
5288 112.147
5296 111.696
5304 111.242
5312 110.786
5320 110.327
5328 109.867
5336 109.404
5344 108.939
5352 108.471
5360 108.002
5368 107.53
5376 107.057
5384 106.582
5392 106.104
5400 105.625
5408 105.144
5416 104.662
5424 104.177
5432 103.691
5440 103.203
5448 102.714
5456 102.223
5464 101.731
5472 101.237
5480 100.741
5488 100.245
5496 99.747
5504 99.2479
5512 98.7475
5520 98.246
5528 97.7433
5536 97.2396
5544 96.7349
5552 96.2291
5560 95.7224
5568 95.2149
5576 94.7064
5584 94.1972
5592 93.6872
5600 93.1765
5608 92.6652
5616 92.1532
5624 91.6406
5632 91.1275
5640 90.6139
5648 90.0999
5656 89.5855
5664 89.0707
5672 88.5557
5680 88.0403
5688 87.5248
5696 87.009
5704 86.4931
5712 85.9772
5720 85.4612
5728 84.9452
5736 84.4292
5744 83.9133
5752 83.3976
5760 82.882
5768 82.3667
5776 81.8515
5784 81.3367
5792 80.8223
5800 80.3082
5808 79.7945
5816 79.2813
5824 78.7687
5832 78.2565
5840 77.745
5848 77.2341
5856 76.7238
5864 76.2143
5872 75.7056
5880 75.1976
5888 74.6904
5896 74.1842
5904 73.6788
5912 73.1744
5920 72.671
5928 72.1687
5936 71.6674
5944 71.1672
5952 70.6681
5960 70.1703
5968 69.6736
5976 69.1782
5984 68.6842
5992 68.1914
6000 67.7001
6008 67.2101
6016 66.7216
6024 66.2346
6032 65.7491
6040 65.2651
6048 64.7828
6056 64.3021
6064 63.823
6072 63.3456
6080 62.87
6088 62.3961
6096 61.924
6104 61.4538
6112 60.9854
6120 60.519
6128 60.0544
6136 59.5919
6144 59.1313
6152 58.6728
6160 58.2163
6168 57.762
6176 57.3097
6184 56.8597
6192 56.4118
6200 55.9661
6208 55.5227
6216 55.0816
6224 54.6428
6232 54.2064
6240 53.7723
6248 53.3406
6256 52.9114
6264 52.4846
6272 52.0603
6280 51.6385
6288 51.2193
6296 50.8027
6304 50.3886
6312 49.9772
6320 49.5685
6328 49.1624
6336 48.759
6344 48.3584
6352 47.9605
6360 47.5654
6368 47.1732
6376 46.7837
6384 46.3972
6392 46.0135
6400 45.6327
6408 45.2549
6416 44.88
6424 44.5081
6432 44.1393
6440 43.7734
6448 43.4106
6456 43.0509
6464 42.6942
6472 42.3407
6480 41.9903
6488 41.6431
6496 41.2991
6504 40.9582
6512 40.6206
6520 40.2862
6528 39.9551
6536 39.6273
6544 39.3028
6552 38.9816
6560 38.6637
6568 38.3492
6576 38.038
6584 37.7303
6592 37.4259
6600 37.125
6608 36.8275
6616 36.5335
6624 36.243
6632 35.956
6640 35.6724
6648 35.3924
6656 35.116
6664 34.843
6672 34.5737
6680 34.308
6688 34.0458
6696 33.7873
6704 33.5323
6712 33.2811
6720 33.0334
6728 32.7895
6736 32.5492
6744 32.3126
6752 32.0797
6760 31.8505
6768 31.6251
6776 31.4034
6784 31.1854
6792 30.9712
6800 30.7608
6808 30.5541
6816 30.3513
6824 30.1522
6832 29.9569
6840 29.7655
6848 29.5779
6856 29.3941
6864 29.2142
6872 29.0381
6880 28.8659
6888 28.6975
6896 28.533
6904 28.3724
6912 28.2157
6920 28.0629
6928 27.914
6936 27.769
6944 27.6279
6952 27.4907
6960 27.3574
6968 27.2281
6976 27.1027
6984 26.9812
6992 26.8637
7000 26.7501
7008 26.6405
7016 26.5349
7024 26.4331
7032 26.3354
7040 26.2416
7048 26.1518
7056 26.0659
7064 25.984
7072 25.9061
7080 25.8322
7088 25.7622
7096 25.6962
7104 25.6342
7112 25.5762
7120 25.5221
7128 25.472
7136 25.4259
7144 25.3838
7152 25.3456
7160 25.3114
7168 25.2812
7176 25.255
7184 25.2328
7192 25.2145
7200 25.2002
7208 25.1898
7216 25.1835
7224 25.181
7232 25.1826
7240 25.1881
7248 25.1975
7256 25.211
7264 25.2283
7272 25.2496
7280 25.2749
7288 25.304
7296 25.3371
7304 25.3742
7312 25.4151
7320 25.46
7328 25.5088
7336 25.5615
7344 25.6181
7352 25.6786
7360 25.743
7368 25.8113
7376 25.8834
7384 25.9594
7392 26.0393
7400 26.1231
7408 26.2107
7416 26.3021
7424 26.3974
7432 26.4965
7440 26.5994
7448 26.7062
7456 26.8167
7464 26.9311
7472 27.0492
7480 27.1711
7488 27.2968
7496 27.4263
7504 27.5595
7512 27.6964
7520 27.8371
7528 27.9815
7536 28.1296
7544 28.2815
7552 28.437
7560 28.5962
7568 28.7591
7576 28.9256
7584 29.0959
7592 29.2697
7600 29.4472
7608 29.6283
7616 29.813
7624 30.0013
7632 30.1932
7640 30.3887
7648 30.5877
7656 30.7903
7664 30.9964
7672 31.206
7680 31.4192
7688 31.6359
7696 31.856
7704 32.0796
7712 32.3067
7720 32.5373
7728 32.7713
7736 33.0087
7744 33.2495
7752 33.4937
7760 33.7413
7768 33.9922
7776 34.2465
7784 34.5042
7792 34.7651
7800 35.0294
7808 35.297
7816 35.5679
7824 35.842
7832 36.1194
7840 36.4001
7848 36.6839
7856 36.971
7864 37.2612
7872 37.5547
7880 37.8513
7888 38.151
7896 38.4539
7904 38.7599
7912 39.069
7920 39.3811
7928 39.6964
7936 40.0147
7944 40.336
7952 40.6604
7960 40.9877
7968 41.3181
7976 41.6514
7984 41.9876
7992 42.3268
8000 42.669
8008 43.014
8016 43.3619
8024 43.7127
8032 44.0663
8040 44.4228
8048 44.7821
8056 45.1442
8064 45.509
8072 45.8767
8080 46.247
8088 46.6202
8096 46.996
8104 47.3745
8112 47.7557
8120 48.1396
8128 48.5261
8136 48.9152
8144 49.3069
8152 49.7013
8160 50.0982
8168 50.4976
8176 50.8996
8184 51.3041
8192 51.711
8200 52.1205
8208 52.5324
8216 52.9468
8224 53.3636
8232 53.7828
8240 54.2044
8248 54.6283
8256 55.0546
8264 55.4832
8272 55.9141
8280 56.3474
8288 56.7829
8296 57.2206
8304 57.6606
8312 58.1028
8320 58.5472
8328 58.9938
8336 59.4425
8344 59.8934
8352 60.3464
8360 60.8015
8368 61.2586
8376 61.7179
8384 62.1792
8392 62.6425
8400 63.1078
8408 63.5751
8416 64.0443
8424 64.5156
8432 64.9887
8440 65.4637
8448 65.9407
8456 66.4195
8464 66.9001
8472 67.3826
8480 67.8669
8488 68.353
8496 68.8409
8504 69.3305
8512 69.8219
8520 70.3149
8528 70.8097
8536 71.3061
8544 71.8042
8552 72.3039
8560 72.8053
8568 73.3082
8576 73.8128
8584 74.3188
8592 74.8265
8600 75.3356
8608 75.8462
8616 76.3583
8624 76.8719
8632 77.3869
8640 77.9034
8648 78.4212
8656 78.9405
8664 79.461
8672 79.983
8680 80.5062
8688 81.0308
8696 81.5567
8704 82.0838
8712 82.6122
8720 83.1418
8728 83.6726
8736 84.2046
8744 84.7377
8752 85.272
8760 85.8075
8768 86.3441
8776 86.8817
8784 87.4204
8792 87.9602
8800 88.501
8808 89.0429
8816 89.5857
8824 90.1295
8832 90.6743
8840 91.22
8848 91.7667
8856 92.3142
8864 92.8627
8872 93.412
8880 93.9621
8888 94.5131
8896 95.0648
8904 95.6174
8912 96.1708
8920 96.7249
8928 97.2797
8936 97.8352
8944 98.3915
8952 98.9484
8960 99.506
8968 100.064
8976 100.623
8984 101.183
8992 101.743
9000 102.303
9008 102.864
9016 103.426
9024 103.988
9032 104.551
9040 105.114
9048 105.678
9056 106.242
9064 106.806
9072 107.371
9080 107.937
9088 108.502
9096 109.068
9104 109.635
9112 110.201
9120 110.768
9128 111.336
9136 111.903
9144 112.471
9152 113.039
9160 113.607
9168 114.176
9176 114.744
9184 115.313
9192 115.882
9200 116.451
9208 117.02
9216 117.589
9224 118.159
9232 118.728
9240 119.298
9248 119.867
9256 120.437
9264 121.006
9272 121.575
9280 122.145
9288 122.714
9296 123.284
9304 123.853
9312 124.422
9320 124.991
9328 125.56
9336 126.128
9344 126.697
9352 127.265
9360 127.833
9368 128.401
9376 128.969
9384 129.536
9392 130.103
9400 130.67
9408 131.237
9416 131.803
9424 132.369
9432 132.935
9440 133.5
9448 134.065
9456 134.629
9464 135.194
9472 135.757
9480 136.321
9488 136.883
9496 137.446
9504 138.008
9512 138.569
9520 139.13
9528 139.69
9536 140.25
9544 140.809
9552 141.368
9560 141.926
9568 142.484
9576 143.041
9584 143.597
9592 144.153
9600 144.708
9608 145.262
9616 145.816
9624 146.369
9632 146.922
9640 147.473
9648 148.024
9656 148.574
9664 149.124
9672 149.672
9680 150.22
9688 150.767
9696 151.314
9704 151.859
9712 152.404
9720 152.947
9728 153.49
9736 154.032
9744 154.574
9752 155.114
9760 155.653
9768 156.192
9776 156.729
9784 157.266
9792 157.801
9800 158.336
9808 158.87
9816 159.402
9824 159.934
9832 160.465
9840 160.994
9848 161.523
9856 162.051
9864 162.577
9872 163.102
9880 163.627
9888 164.15
9896 164.672
9904 165.193
9912 165.713
9920 166.232
9928 166.749
9936 167.266
9944 167.781
9952 168.295
9960 168.808
9968 169.319
9976 169.83
9984 170.339
9992 170.847
10000 171.354
10008 171.859
10016 172.363
10024 172.866
10032 173.368
10040 173.868
10048 174.367
10056 174.865
10064 175.361
10072 175.856
10080 176.35
10088 176.842
10096 177.333
10104 177.823
10112 178.311
10120 178.798
10128 179.283
10136 179.767
10144 180.25
10152 180.731
10160 181.211
10168 181.689
10176 182.166
10184 182.641
10192 183.115
10200 183.588
10208 184.059
10216 184.528
10224 184.996
10232 185.462
10240 185.927
10248 186.39
10256 186.852
10264 187.313
10272 187.771
10280 188.228
10288 188.684
10296 189.138
10304 189.59
10312 190.041
10320 190.49
10328 190.938
10336 191.384
10344 191.828
10352 192.271
10360 192.712
10368 193.152
10376 193.589
10384 194.026
10392 194.46
10400 194.893
10408 195.324
10416 195.753
10424 196.181
10432 196.607
10440 197.031
10448 197.454
10456 197.875
10464 198.294
10472 198.712
10480 199.127
10488 199.541
10496 199.954
10504 200.364
10512 200.773
10520 201.18
10528 201.585
10536 201.988
10544 202.39
10552 202.79
10560 203.188
10568 203.584
10576 203.978
10584 204.371
10592 204.762
10600 205.151
10608 205.538
10616 205.923
10624 206.307
10632 206.688
10640 207.068
10648 207.446
10656 207.822
10664 208.196
10672 208.569
10680 208.939
10688 209.308
10696 209.674
10704 210.039
10712 210.402
10720 210.763
10728 211.122
10736 211.48
10744 211.835
10752 212.188
10760 212.54
10768 212.889
10776 213.237
10784 213.583
10792 213.927
10800 214.268
10808 214.608
10816 214.946
10824 215.282
10832 215.617
10840 215.949
10848 216.279
10856 216.607
10864 216.933
10872 217.258
10880 217.58
10888 217.9
10896 218.219
10904 218.535
10912 218.85
10920 219.162
10928 219.472
10936 219.781
10944 220.087
10952 220.392
10960 220.694
10968 220.995
10976 221.293
10984 221.59
10992 221.884
11000 222.176
11008 222.467
11016 222.755
11024 223.041
11032 223.326
11040 223.608
11048 223.888
11056 224.167
11064 224.443
11072 224.717
11080 224.989
11088 225.259
11096 225.527
11104 225.793
11112 226.057
11120 226.319
11128 226.579
11136 226.837
11144 227.093
11152 227.347
11160 227.598
11168 227.848
11176 228.095
11184 228.341
11192 228.584
11200 228.826
11208 229.065
11216 229.302
11224 229.538
11232 229.771
11240 230.002
11248 230.231
11256 230.458
11264 230.683
11272 230.905
11280 231.126
11288 231.345
11296 231.561
11304 231.776
11312 231.988
11320 232.198
11328 232.407
11336 232.613
11344 232.817
11352 233.019
11360 233.219
11368 233.417
11376 233.612
11384 233.806
11392 233.998
11400 234.187
11408 234.375
11416 234.56
11424 234.743
11432 234.924
11440 235.104
11448 235.281
11456 235.455
11464 235.628
11472 235.799
11480 235.968
11488 236.134
11496 236.299
11504 236.461
11512 236.621
11520 236.78
11528 236.936
11536 237.09
11544 237.242
11552 237.392
11560 237.54
11568 237.685
11576 237.829
11584 237.971
11592 238.11
11600 238.247
11608 238.383
11616 238.516
11624 238.647
11632 238.776
11640 238.903
11648 239.028
11656 239.151
11664 239.272
11672 239.39
11680 239.507
11688 239.621
11696 239.734
11704 239.844
11712 239.953
11720 240.059
11728 240.163
11736 240.265
11744 240.365
11752 240.463
11760 240.559
11768 240.653
11776 240.745
11784 240.834
11792 240.922
11800 241.008
11808 241.091
11816 241.172
11824 241.252
11832 241.329
11840 241.405
11848 241.478
11856 241.549
11864 241.618
11872 241.685
11880 241.75
11888 241.813
11896 241.874
11904 241.933
11912 241.99
11920 242.045
11928 242.098
11936 242.148
11944 242.197
11952 242.244
11960 242.288
11968 242.331
11976 242.372
11984 242.41
11992 242.447
12000 242.481
12008 242.514
12016 242.544
12024 242.573
12032 242.599
12040 242.624
12048 242.646
12056 242.667
12064 242.685
12072 242.702
12080 242.716
12088 242.728
12096 242.739
12104 242.747
12112 242.754
12120 242.758
12128 242.761
12136 242.761
12144 242.76
12152 242.756
12160 242.751
12168 242.743
12176 242.734
12184 242.722
12192 242.709
12200 242.694
12208 242.676
12216 242.657
12224 242.636
12232 242.613
12240 242.588
12248 242.561
12256 242.532
12264 242.501
12272 242.468
12280 242.433
12288 242.396
12296 242.357
12304 242.317
12312 242.274
12320 242.23
12328 242.183
12336 242.135
12344 242.085
12352 242.032
12360 241.978
12368 241.922
12376 241.864
12384 241.804
12392 241.743
12400 241.679
12408 241.614
12416 241.546
12424 241.477
12432 241.406
12440 241.333
12448 241.258
12456 241.181
12464 241.102
12472 241.021
12480 240.939
12488 240.855
12496 240.769
12504 240.68
12512 240.591
12520 240.499
12528 240.405
12536 240.31
12544 240.213
12552 240.114
12560 240.013
12568 239.91
12576 239.805
12584 239.699
12592 239.591
12600 239.481
12608 239.369
12616 239.255
12624 239.14
12632 239.022
12640 238.903
12648 238.782
12656 238.66
12664 238.535
12672 238.409
12680 238.281
12688 238.151
12696 238.02
12704 237.886
12712 237.751
12720 237.614
12728 237.476
12736 237.335
12744 237.193
12752 237.049
12760 236.904
12768 236.756
12776 236.607
12784 236.457
12792 236.304
12800 236.15
12808 235.994
12816 235.836
12824 235.677
12832 235.516
12840 235.353
12848 235.188
12856 235.022
12864 234.854
12872 234.685
12880 234.513
12888 234.341
12896 234.166
12904 233.99
12912 233.812
12920 233.632
12928 233.451
12936 233.268
12944 233.084
12952 232.897
12960 232.71
12968 232.52
12976 232.329
12984 232.136
12992 231.942
13000 231.746
13008 231.549
13016 231.35
13024 231.149
13032 230.946
13040 230.743
13048 230.537
13056 230.33
13064 230.121
13072 229.911
13080 229.699
13088 229.486
13096 229.271
13104 229.055
13112 228.837
13120 228.617
13128 228.396
13136 228.173
13144 227.949
13152 227.723
13160 227.496
13168 227.267
13176 227.037
13184 226.805
13192 226.572
13200 226.338
13208 226.101
13216 225.864
13224 225.624
13232 225.384
13240 225.142
13248 224.898
13256 224.653
13264 224.407
13272 224.159
13280 223.909
13288 223.659
13296 223.406
13304 223.153
13312 222.898
13320 222.641
13328 222.383
13336 222.124
13344 221.863
13352 221.601
13360 221.338
13368 221.073
13376 220.806
13384 220.539
13392 220.27
13400 220
13408 219.728
13416 219.455
13424 219.181
13432 218.905
13440 218.628
13448 218.349
13456 218.07
13464 217.789
13472 217.506
13480 217.223
13488 216.938
13496 216.652
13504 216.364
13512 216.076
13520 215.786
13528 215.494
13536 215.202
13544 214.908
13552 214.613
13560 214.317
13568 214.019
13576 213.72
13584 213.42
13592 213.119
13600 212.817
13608 212.513
13616 212.208
13624 211.902
13632 211.595
13640 211.287
13648 210.977
13656 210.667
13664 210.355
13672 210.042
13680 209.728
13688 209.412
13696 209.096
13704 208.778
13712 208.46
13720 208.14
13728 207.819
13736 207.497
13744 207.174
13752 206.85
13760 206.525
13768 206.198
13776 205.871
13784 205.542
13792 205.213
13800 204.882
13808 204.551
13816 204.218
13824 203.885
13832 203.55
13840 203.214
13848 202.878
13856 202.54
13864 202.201
13872 201.862
13880 201.521
13888 201.179
13896 200.837
13904 200.493
13912 200.149
13920 199.804
13928 199.457
13936 199.11
13944 198.762
13952 198.413
13960 198.063
13968 197.712
13976 197.36
13984 197.007
13992 196.654
14000 196.299
14008 195.944
14016 195.588
14024 195.231
14032 194.873
14040 194.515
14048 194.155
14056 193.795
14064 193.434
14072 193.072
14080 192.709
14088 192.346
14096 191.982
14104 191.617
14112 191.251
14120 190.885
14128 190.517
14136 190.149
14144 189.781
14152 189.411
14160 189.041
14168 188.67
14176 188.299
14184 187.926
14192 187.554
14200 187.18
14208 186.806
14216 186.431
14224 186.055
14232 185.679
14240 185.302
14248 184.925
14256 184.547
14264 184.168
14272 183.789
14280 183.409
14288 183.029
14296 182.648
14304 182.266
14312 181.884
14320 181.501
14328 181.118
14336 180.734
14344 180.35
14352 179.965
14360 179.58
14368 179.194
14376 178.808
14384 178.421
14392 178.034
14400 177.646
14408 177.258
14416 176.869
14424 176.48
14432 176.091
14440 175.701
14448 175.311
14456 174.92
14464 174.529
14472 174.138
14480 173.746
14488 173.353
14496 172.961
14504 172.568
14512 172.175
14520 171.781
14528 171.387
14536 170.993
14544 170.599
14552 170.204
14560 169.809
14568 169.413
14576 169.018
14584 168.622
14592 168.226
14600 167.829
14608 167.433
14616 167.036
14624 166.639
14632 166.242
14640 165.844
14648 165.447
14656 165.049
14664 164.651
14672 164.253
14680 163.855
14688 163.456
14696 163.058
14704 162.659
14712 162.26
14720 161.862
14728 161.463
14736 161.064
14744 160.665
14752 160.266
14760 159.866
14768 159.467
14776 159.068
14784 158.669
14792 158.27
14800 157.87
14808 157.471
14816 157.072
14824 156.673
14832 156.273
14840 155.874
14848 155.475
14856 155.076
14864 154.677
14872 154.279
14880 153.88
14888 153.481
14896 153.083
14904 152.684
14912 152.286
14920 151.888
14928 151.49
14936 151.092
14944 150.695
14952 150.297
14960 149.9
14968 149.503
14976 149.107
14984 148.71
14992 148.314
15000 147.918
15008 147.522
15016 147.126
15024 146.731
15032 146.336
15040 145.942
15048 145.547
15056 145.153
15064 144.759
15072 144.366
15080 143.973
15088 143.58
15096 143.188
15104 142.796
15112 142.405
15120 142.014
15128 141.623
15136 141.233
15144 140.843
15152 140.454
15160 140.065
15168 139.676
15176 139.288
15184 138.901
15192 138.514
15200 138.127
15208 137.741
15216 137.356
15224 136.971
15232 136.587
15240 136.203
15248 135.82
15256 135.437
15264 135.055
15272 134.674
15280 134.293
15288 133.913
15296 133.533
15304 133.154
15312 132.776
15320 132.398
15328 132.021
15336 131.645
15344 131.269
15352 130.894
15360 130.52
15368 130.147
15376 129.774
15384 129.402
15392 129.031
15400 128.661
15408 128.291
15416 127.922
15424 127.554
15432 127.187
15440 126.821
15448 126.455
15456 126.091
15464 125.727
15472 125.364
15480 125.002
15488 124.641
15496 124.28
15504 123.921
15512 123.562
15520 123.205
15528 122.848
15536 122.493
15544 122.138
15552 121.784
15560 121.431
15568 121.08
15576 120.729
15584 120.379
15592 120.031
15600 119.683
15608 119.336
15616 118.991
15624 118.646
15632 118.303
15640 117.961
15648 117.619
15656 117.279
15664 116.94
15672 116.603
15680 116.266
15688 115.93
15696 115.596
15704 115.263
15712 114.931
15720 114.6
15728 114.27
15736 113.942
15744 113.615
15752 113.289
15760 112.964
15768 112.641
15776 112.319
15784 111.998
15792 111.678
15800 111.36
15808 111.043
15816 110.727
15824 110.413
15832 110.1
15840 109.788
15848 109.478
15856 109.169
15864 108.862
15872 108.556
15880 108.251
15888 107.948
15896 107.646
15904 107.346
15912 107.047
15920 106.749
15928 106.453
15936 106.158
15944 105.865
15952 105.574
15960 105.284
15968 104.995
15976 104.708
15984 104.423
15992 104.139
16000 103.856
16008 103.576
16016 103.296
16024 103.019
16032 102.743
16040 102.468
16048 102.196
16056 101.924
16064 101.655
16072 101.387
16080 101.121
16088 100.856
16096 100.593
16104 100.332
16112 100.073
16120 99.8149
16128 99.5588
16136 99.3045
16144 99.0519
16152 98.801
16160 98.552
16168 98.3046
16176 98.0591
16184 97.8153
16192 97.5733
16200 97.3332
16208 97.0948
16216 96.8583
16224 96.6236
16232 96.3908
16240 96.1598
16248 95.9306
16256 95.7034
16264 95.478
16272 95.2545
16280 95.0329
16288 94.8132
16296 94.5954
16304 94.3796
16312 94.1657
16320 93.9537
16328 93.7437
16336 93.5357
16344 93.3296
16352 93.1255
16360 92.9234
16368 92.7233
16376 92.5252
16384 92.3291
16392 92.1351
16400 91.943
16408 91.753
16416 91.5651
16424 91.3792
16432 91.1954
16440 91.0137
16448 90.8341
16456 90.6565
16464 90.4811
16472 90.3078
16480 90.1365
16488 89.9675
16496 89.8005
16504 89.6357
16512 89.473
16520 89.3126
16528 89.1542
16536 88.9981
16544 88.8441
16552 88.6924
16560 88.5428
16568 88.3954
16576 88.2503
16584 88.1074
16592 87.9667
16600 87.8282
16608 87.692
16616 87.5581
16624 87.4264
16632 87.297
16640 87.1699
16648 87.045
16656 86.9225
16664 86.8022
16672 86.6843
16680 86.5687
16688 86.4554
16696 86.3444
16704 86.2358
16712 86.1295
16720 86.0255
16728 85.9239
16736 85.8247
16744 85.7279
16752 85.6334
16760 85.5413
16768 85.4516
16776 85.3643
16784 85.2794
16792 85.197
16800 85.1169
16808 85.0393
16816 84.9641
16824 84.8913
16832 84.821
16840 84.7532
16848 84.6877
16856 84.6248
16864 84.5643
16872 84.5063
16880 84.4508
16888 84.3978
16896 84.3472
16904 84.2992
16912 84.2537
16920 84.2107
16928 84.1702
16936 84.1322
16944 84.0967
16952 84.0638
16960 84.0334
16968 84.0056
16976 83.9803
16984 83.9575
16992 83.9374
17000 83.9197
17008 83.9047
17016 83.8922
17024 83.8823
17032 83.875
17040 83.8703
17048 83.8682
17056 83.8687
17064 83.8718
17072 83.8774
17080 83.8857
17088 83.8967
17096 83.9102
17104 83.9264
17112 83.9452
17120 83.9666
17128 83.9907
17136 84.0174
17144 84.0467
17152 84.0788
17160 84.1134
17168 84.1507
17176 84.1907
17184 84.2334
17192 84.2787
17200 84.3267
17208 84.3774
17216 84.4307
17224 84.4867
17232 84.5455
17240 84.6069
17248 84.671
17256 84.7378
17264 84.8073
17272 84.8795
17280 84.9544
17288 85.032
17296 85.1123
17304 85.1953
17312 85.2811
17320 85.3695
17328 85.4607
17336 85.5546
17344 85.6512
17352 85.7506
17360 85.8527
17368 85.9575
17376 86.0651
17384 86.1753
17392 86.2884
17400 86.4041
17408 86.5226
17416 86.6439
17424 86.7679
17432 86.8946
17440 87.0241
17448 87.1563
17456 87.2913
17464 87.429
17472 87.5695
17480 87.7128
17488 87.8588
17496 88.0075
17504 88.159
17512 88.3133
17520 88.4703
17528 88.63
17536 88.7926
17544 88.9579
17552 89.1259
17560 89.2967
17568 89.4703
17576 89.6466
17584 89.8257
17592 90.0075
17600 90.1921
17608 90.3795
17616 90.5696
17624 90.7625
17632 90.9581
17640 91.1565
17648 91.3577
17656 91.5616
17664 91.7683
17672 91.9777
17680 92.1899
17688 92.4048
17696 92.6225
17704 92.8429
17712 93.0661
17720 93.292
17728 93.5207
17736 93.7521
17744 93.9863
17752 94.2232
17760 94.4629
17768 94.7053
17776 94.9504
17784 95.1983
17792 95.4489
17800 95.7022
17808 95.9583
17816 96.2171
17824 96.4786
17832 96.7428
17840 97.0098
17848 97.2795
17856 97.5519
17864 97.827
17872 98.1048
17880 98.3853
17888 98.6685
17896 98.9544
17904 99.2431
17912 99.5344
17920 99.8284
17928 100.125
17936 100.424
17944 100.727
17952 101.031
17960 101.339
17968 101.649
17976 101.961
17984 102.277
17992 102.595
18000 102.916
18008 103.239
18016 103.565
18024 103.894
18032 104.225
18040 104.559
18048 104.895
18056 105.235
18064 105.576
18072 105.921
18080 106.268
18088 106.617
18096 106.97
18104 107.324
18112 107.682
18120 108.042
18128 108.404
18136 108.77
18144 109.137
18152 109.507
18160 109.88
18168 110.256
18176 110.634
18184 111.014
18192 111.397
18200 111.782
18208 112.17
18216 112.561
18224 112.954
18232 113.349
18240 113.747
18248 114.148
18256 114.551
18264 114.956
18272 115.364
18280 115.775
18288 116.188
18296 116.603
18304 117.021
18312 117.441
18320 117.863
18328 118.288
18336 118.716
18344 119.145
18352 119.578
18360 120.012
18368 120.449
18376 120.888
18384 121.33
18392 121.774
18400 122.22
18408 122.669
18416 123.12
18424 123.573
18432 124.029
18440 124.487
18448 124.947
18456 125.41
18464 125.875
18472 126.342
18480 126.811
18488 127.283
18496 127.757
18504 128.233
18512 128.711
18520 129.191
18528 129.674
18536 130.159
18544 130.646
18552 131.135
18560 131.627
18568 132.12
18576 132.616
18584 133.114
18592 133.614
18600 134.116
18608 134.62
18616 135.126
18624 135.635
18632 136.145
18640 136.658
18648 137.172
18656 137.689
18664 138.208
18672 138.728
18680 139.251
18688 139.776
18696 140.302
18704 140.831
18712 141.362
18720 141.894
18728 142.429
18736 142.965
18744 143.503
18752 144.044
18760 144.586
18768 145.13
18776 145.676
18784 146.224
18792 146.773
18800 147.325
18808 147.878
18816 148.433
18824 148.99
18832 149.549
18840 150.109
18848 150.672
18856 151.236
18864 151.801
18872 152.369
18880 152.938
18888 153.509
18896 154.082
18904 154.656
18912 155.232
18920 155.809
18928 156.389
18936 156.97
18944 157.552
18952 158.136
18960 158.722
18968 159.309
18976 159.898
18984 160.488
18992 161.08
19000 161.674
19008 162.268
19016 162.865
19024 163.463
19032 164.062
19040 164.663
19048 165.265
19056 165.869
19064 166.474
19072 167.08
19080 167.688
19088 168.297
19096 168.908
19104 169.52
19112 170.133
19120 170.748
19128 171.364
19136 171.981
19144 172.599
19152 173.219
19160 173.84
19168 174.462
19176 175.085
19184 175.71
19192 176.335
19200 176.962
19208 177.59
19216 178.219
19224 178.85
19232 179.481
19240 180.113
19248 180.747
19256 181.382
19264 182.017
19272 182.654
19280 183.291
19288 183.93
19296 184.57
19304 185.21
19312 185.852
19320 186.495
19328 187.138
19336 187.782
19344 188.427
19352 189.074
19360 189.72
19368 190.368
19376 191.017
19384 191.666
19392 192.317
19400 192.967
19408 193.619
19416 194.272
19424 194.925
19432 195.579
19440 196.234
19448 196.889
19456 197.545
19464 198.201
19472 198.859
19480 199.516
19488 200.175
19496 200.834
19504 201.494
19512 202.154
19520 202.814
19528 203.476
19536 204.137
19544 204.8
19552 205.462
19560 206.125
19568 206.789
19576 207.453
19584 208.117
19592 208.782
19600 209.447
19608 210.112
19616 210.778
19624 211.444
19632 212.11
19640 212.777
19648 213.444
19656 214.111
19664 214.779
19672 215.446
19680 216.114
19688 216.782
19696 217.45
19704 218.118
19712 218.787
19720 219.455
19728 220.124
19736 220.792
19744 221.461
19752 222.13
19760 222.799
19768 223.468
19776 224.136
19784 224.805
19792 225.474
19800 226.142
19808 226.811
19816 227.479
19824 228.148
19832 228.816
19840 229.484
19848 230.152
19856 230.82
19864 231.487
19872 232.154
19880 232.822
19888 233.488
19896 234.155
19904 234.821
19912 235.487
19920 236.153
19928 236.818
19936 237.483
19944 238.147
19952 238.811
19960 239.475
19968 240.138
19976 240.801
19984 241.463
19992 242.125
20000 242.787
20008 243.448
20016 244.108
20024 244.768
20032 245.427
20040 246.085
20048 246.743
20056 247.401
20064 248.058
20072 248.714
20080 249.369
20088 250.024
20096 250.678
20104 251.331
20112 251.984
20120 252.635
20128 253.286
20136 253.937
20144 254.586
20152 255.234
20160 255.882
20168 256.529
20176 257.175
20184 257.82
20192 258.464
20200 259.107
20208 259.75
20216 260.391
20224 261.031
20232 261.67
20240 262.309
20248 262.946
20256 263.582
20264 264.217
20272 264.851
20280 265.484
20288 266.116
20296 266.747
20304 267.376
20312 268.004
20320 268.632
20328 269.257
20336 269.882
20344 270.506
20352 271.128
20360 271.749
20368 272.368
20376 272.987
20384 273.604
20392 274.219
20400 274.833
20408 275.446
20416 276.058
20424 276.668
20432 277.277
20440 277.884
20448 278.49
20456 279.094
20464 279.697
20472 280.298
20480 280.898
20488 281.496
20496 282.093
20504 282.688
20512 283.282
20520 283.874
20528 284.464
20536 285.053
20544 285.64
20552 286.225
20560 286.809
20568 287.391
20576 287.971
20584 288.549
20592 289.126
20600 289.701
20608 290.274
20616 290.846
20624 291.415
20632 291.983
20640 292.549
20648 293.113
20656 293.676
20664 294.236
20672 294.795
20680 295.351
20688 295.906
20696 296.458
20704 297.009
20712 297.558
20720 298.105
20728 298.649
20736 299.192
20744 299.733
20752 300.271
20760 300.808
20768 301.342
20776 301.875
20784 302.405
20792 302.933
20800 303.459
20808 303.983
20816 304.505
20824 305.025
20832 305.542
20840 306.057
20848 306.57
20856 307.081
20864 307.589
20872 308.095
20880 308.599
20888 309.101
20896 309.6
20904 310.097
20912 310.592
20920 311.084
20928 311.574
20936 312.062
20944 312.547
20952 313.03
20960 313.511
20968 313.989
20976 314.464
20984 314.937
20992 315.408
21000 315.876
21008 316.342
21016 316.805
21024 317.266
21032 317.724
21040 318.18
21048 318.633
21056 319.084
21064 319.532
21072 319.977
21080 320.42
21088 320.86
21096 321.298
21104 321.733
21112 322.165
21120 322.595
21128 323.022
21136 323.446
21144 323.868
21152 324.287
21160 324.703
21168 325.117
21176 325.528
21184 325.936
21192 326.341
21200 326.744
21208 327.144
21216 327.541
21224 327.935
21232 328.326
21240 328.715
21248 329.101
21256 329.484
21264 329.864
21272 330.241
21280 330.616
21288 330.987
21296 331.356
21304 331.722
21312 332.085
21320 332.445
21328 332.802
21336 333.156
21344 333.507
21352 333.856
21360 334.201
21368 334.543
21376 334.883
21384 335.219
21392 335.553
21400 335.883
21408 336.21
21416 336.535
21424 336.856
21432 337.175
21440 337.49
21448 337.802
21456 338.112
21464 338.418
21472 338.721
21480 339.021
21488 339.318
21496 339.612
21504 339.903
21512 340.191
21520 340.475
21528 340.757
21536 341.035
21544 341.31
21552 341.582
21560 341.851
21568 342.117
21576 342.38
21584 342.639
21592 342.896
21600 343.149
21608 343.399
21616 343.646
21624 343.889
21632 344.13
21640 344.367
21648 344.601
21656 344.832
21664 345.06
21672 345.284
21680 345.505
21688 345.723
21696 345.938
21704 346.15
21712 346.358
21720 346.563
21728 346.765
21736 346.963
21744 347.158
21752 347.35
21760 347.539
21768 347.725
21776 347.907
21784 348.086
21792 348.261
21800 348.434
21808 348.603
21816 348.768
21824 348.931
21832 349.09
21840 349.246
21848 349.399
21856 349.548
21864 349.694
21872 349.837
21880 349.976
21888 350.112
21896 350.245
21904 350.374
21912 350.5
21920 350.623
21928 350.743
21936 350.859
21944 350.972
21952 351.081
21960 351.187
21968 351.29
21976 351.39
21984 351.486
21992 351.579
22000 351.669
22008 351.755
22016 351.838
22024 351.917
22032 351.994
22040 352.067
22048 352.136
22056 352.202
22064 352.265
22072 352.325
22080 352.381
22088 352.434
22096 352.484
22104 352.53
22112 352.573
22120 352.613
22128 352.649
22136 352.682
22144 352.712
22152 352.738
22160 352.761
22168 352.781
22176 352.798
22184 352.811
22192 352.821
22200 352.827
22208 352.83
22216 352.83
22224 352.827
22232 352.82
22240 352.81
22248 352.797
22256 352.781
22264 352.761
22272 352.738
22280 352.711
22288 352.682
22296 352.649
22304 352.612
22312 352.573
22320 352.53
22328 352.484
22336 352.435
22344 352.383
22352 352.327
22360 352.268
22368 352.206
22376 352.14
22384 352.072
22392 352
22400 351.925
22408 351.846
22416 351.765
22424 351.68
22432 351.592
22440 351.501
22448 351.407
22456 351.309
22464 351.209
22472 351.105
22480 350.998
22488 350.888
22496 350.774
22504 350.658
22512 350.538
22520 350.416
22528 350.29
22536 350.161
22544 350.029
22552 349.894
22560 349.755
22568 349.614
22576 349.469
22584 349.322
22592 349.171
22600 349.018
22608 348.861
22616 348.701
22624 348.538
22632 348.372
22640 348.203
22648 348.031
22656 347.857
22664 347.679
22672 347.498
22680 347.314
22688 347.127
22696 346.937
22704 346.744
22712 346.548
22720 346.35
22728 346.148
22736 345.943
22744 345.736
22752 345.525
22760 345.312
22768 345.096
22776 344.877
22784 344.655
22792 344.43
22800 344.202
22808 343.972
22816 343.738
22824 343.502
22832 343.263
22840 343.021
22848 342.777
22856 342.529
22864 342.279
22872 342.026
22880 341.77
22888 341.512
22896 341.251
22904 340.987
22912 340.72
22920 340.451
22928 340.179
22936 339.904
22944 339.627
22952 339.347
22960 339.064
22968 338.779
22976 338.491
22984 338.2
22992 337.907
23000 337.611
23008 337.313
23016 337.012
23024 336.709
23032 336.403
23040 336.094
23048 335.783
23056 335.47
23064 335.154
23072 334.835
23080 334.514
23088 334.191
23096 333.865
23104 333.536
23112 333.206
23120 332.872
23128 332.537
23136 332.199
23144 331.859
23152 331.516
23160 331.171
23168 330.823
23176 330.474
23184 330.122
23192 329.767
23200 329.411
23208 329.052
23216 328.691
23224 328.327
23232 327.962
23240 327.594
23248 327.224
23256 326.852
23264 326.477
23272 326.101
23280 325.722
23288 325.341
23296 324.958
23304 324.573
23312 324.186
23320 323.797
23328 323.406
23336 323.012
23344 322.617
23352 322.219
23360 321.82
23368 321.419
23376 321.015
23384 320.61
23392 320.202
23400 319.793
23408 319.382
23416 318.969
23424 318.554
23432 318.137
23440 317.718
23448 317.297
23456 316.875
23464 316.451
23472 316.024
23480 315.597
23488 315.167
23496 314.735
23504 314.302
23512 313.867
23520 313.431
23528 312.992
23536 312.552
23544 312.11
23552 311.667
23560 311.222
23568 310.775
23576 310.327
23584 309.877
23592 309.425
23600 308.972
23608 308.518
23616 308.061
23624 307.604
23632 307.145
23640 306.684
23648 306.222
23656 305.758
23664 305.293
23672 304.826
23680 304.358
23688 303.889
23696 303.418
23704 302.946
23712 302.472
23720 301.997
23728 301.521
23736 301.043
23744 300.565
23752 300.084
23760 299.603
23768 299.12
23776 298.636
23784 298.151
23792 297.665
23800 297.177
23808 296.689
23816 296.199
23824 295.708
23832 295.215
23840 294.722
23848 294.228
23856 293.732
23864 293.236
23872 292.738
23880 292.239
23888 291.74
23896 291.239
23904 290.737
23912 290.234
23920 289.731
23928 289.226
23936 288.721
23944 288.214
23952 287.707
23960 287.198
23968 286.689
23976 286.179
23984 285.668
23992 285.157
24000 284.644
24008 284.131
24016 283.616
24024 283.102
24032 282.586
24040 282.07
24048 281.552
24056 281.035
24064 280.516
24072 279.997
24080 279.477
24088 278.956
24096 278.435
24104 277.913
24112 277.391
24120 276.868
24128 276.344
24136 275.82
24144 275.295
24152 274.77
24160 274.244
24168 273.718
24176 273.191
24184 272.664
24192 272.136
24200 271.608
24208 271.079
24216 270.55
24224 270.021
24232 269.491
24240 268.961
24248 268.43
24256 267.899
24264 267.368
24272 266.836
24280 266.304
24288 265.772
24296 265.239
24304 264.707
24312 264.173
24320 263.64
24328 263.107
24336 262.573
24344 262.039
24352 261.505
24360 260.97
24368 260.436
24376 259.901
24384 259.367
24392 258.832
24400 258.297
24408 257.762
24416 257.226
24424 256.691
24432 256.156
24440 255.621
24448 255.085
24456 254.55
24464 254.014
24472 253.479
24480 252.944
24488 252.408
24496 251.873
24504 251.338
24512 250.802
24520 250.267
24528 249.732
24536 249.197
24544 248.663
24552 248.128
24560 247.593
24568 247.059
24576 246.525
24584 245.991
24592 245.457
24600 244.923
24608 244.39
24616 243.857
24624 243.324
24632 242.791
24640 242.258
24648 241.726
24656 241.194
24664 240.662
24672 240.131
24680 239.6
24688 239.069
24696 238.539
24704 238.009
24712 237.479
24720 236.95
24728 236.421
24736 235.892
24744 235.364
24752 234.836
24760 234.309
24768 233.782
24776 233.255
24784 232.729
24792 232.204
24800 231.678
24808 231.154
24816 230.63
24824 230.106
24832 229.583
24840 229.06
24848 228.538
24856 228.016
24864 227.495
24872 226.974
24880 226.454
24888 225.935
24896 225.416
24904 224.898
24912 224.38
24920 223.863
24928 223.346
24936 222.83
24944 222.315
24952 221.8
24960 221.286
24968 220.773
24976 220.26
24984 219.748
24992 219.237
25000 218.726
25008 218.216
25016 217.707
25024 217.198
25032 216.69
25040 216.183
25048 215.676
25056 215.171
25064 214.666
25072 214.161
25080 213.658
25088 213.155
25096 212.653
25104 212.152
25112 211.651
25120 211.152
25128 210.653
25136 210.155
25144 209.657
25152 209.161
25160 208.665
25168 208.17
25176 207.676
25184 207.183
25192 206.69
25200 206.199
25208 205.708
25216 205.218
25224 204.729
25232 204.241
25240 203.754
25248 203.267
25256 202.782
25264 202.297
25272 201.813
25280 201.33
25288 200.848
25296 200.367
25304 199.887
25312 199.407
25320 198.929
25328 198.451
25336 197.975
25344 197.499
25352 197.024
25360 196.55
25368 196.077
25376 195.605
25384 195.134
25392 194.664
25400 194.195
25408 193.727
25416 193.259
25424 192.793
25432 192.328
25440 191.863
25448 191.4
25456 190.937
25464 190.476
25472 190.015
25480 189.555
25488 189.097
25496 188.639
25504 188.182
25512 187.727
25520 187.272
25528 186.818
25536 186.365
25544 185.914
25552 185.463
25560 185.013
25568 184.564
25576 184.116
25584 183.669
25592 183.224
25600 182.779
25608 182.335
25616 181.892
25624 181.45
25632 181.009
25640 180.569
25648 180.13
25656 179.693
25664 179.256
25672 178.82
25680 178.385
25688 177.951
25696 177.518
25704 177.086
25712 176.655
25720 176.225
25728 175.797
25736 175.369
25744 174.942
25752 174.516
25760 174.091
25768 173.667
25776 173.244
25784 172.822
25792 172.401
25800 171.982
25808 171.563
25816 171.145
25824 170.728
25832 170.312
25840 169.897
25848 169.483
25856 169.07
25864 168.658
25872 168.247
25880 167.837
25888 167.428
25896 167.02
25904 166.613
25912 166.207
25920 165.802
25928 165.398
25936 164.995
25944 164.593
25952 164.192
25960 163.792
25968 163.393
25976 162.995
25984 162.597
25992 162.201
26000 161.806
26008 161.411
26016 161.018
26024 160.626
26032 160.234
26040 159.844
26048 159.454
26056 159.066
26064 158.678
26072 158.291
26080 157.906
26088 157.521
26096 157.137
26104 156.754
26112 156.372
26120 155.991
26128 155.611
26136 155.232
26144 154.854
26152 154.476
26160 154.1
26168 153.725
26176 153.35
26184 152.976
26192 152.604
26200 152.232
26208 151.861
26216 151.491
26224 151.122
26232 150.754
26240 150.387
26248 150.02
26256 149.655
26264 149.29
26272 148.926
26280 148.564
26288 148.202
26296 147.841
26304 147.481
26312 147.121
26320 146.763
26328 146.405
26336 146.049
26344 145.693
26352 145.338
26360 144.984
26368 144.631
26376 144.279
26384 143.927
26392 143.577
26400 143.227
26408 142.878
26416 142.53
26424 142.183
26432 141.837
26440 141.491
26448 141.147
26456 140.803
26464 140.46
26472 140.118
26480 139.777
26488 139.436
26496 139.096
26504 138.758
26512 138.42
26520 138.083
26528 137.746
26536 137.411
26544 137.076
26552 136.743
26560 136.41
26568 136.077
26576 135.746
26584 135.416
26592 135.086
26600 134.757
26608 134.429
26616 134.102
26624 133.775
26632 133.45
26640 133.125
26648 132.801
26656 132.478
26664 132.155
26672 131.834
26680 131.513
26688 131.193
26696 130.874
26704 130.556
26712 130.238
26720 129.922
26728 129.606
26736 129.291
26744 128.976
26752 128.663
26760 128.35
26768 128.039
26776 127.728
26784 127.417
26792 127.108
26800 126.8
26808 126.492
26816 126.185
26824 125.879
26832 125.574
26840 125.27
26848 124.966
26856 124.663
26864 124.361
26872 124.06
26880 123.76
26888 123.461
26896 123.162
26904 122.865
26912 122.568
26920 122.272
26928 121.977
26936 121.683
26944 121.389
26952 121.097
26960 120.805
26968 120.515
26976 120.225
26984 119.936
26992 119.648
27000 119.36
27008 119.074
27016 118.789
27024 118.504
27032 118.221
27040 117.938
27048 117.657
27056 117.376
27064 117.096
27072 116.817
27080 116.539
27088 116.262
27096 115.986
27104 115.711
27112 115.437
27120 115.164
27128 114.892
27136 114.621
27144 114.351
27152 114.082
27160 113.814
27168 113.547
27176 113.281
27184 113.016
27192 112.752
27200 112.489
27208 112.228
27216 111.967
27224 111.708
27232 111.449
27240 111.192
27248 110.936
27256 110.681
27264 110.427
27272 110.174
27280 109.923
27288 109.672
27296 109.423
27304 109.175
27312 108.928
27320 108.683
27328 108.439
27336 108.196
27344 107.954
27352 107.713
27360 107.474
27368 107.236
27376 107
27384 106.764
27392 106.531
27400 106.298
27408 106.067
27416 105.837
27424 105.609
27432 105.382
27440 105.157
27448 104.933
27456 104.71
27464 104.489
27472 104.269
27480 104.051
27488 103.835
27496 103.62
27504 103.407
27512 103.195
27520 102.985
27528 102.776
27536 102.569
27544 102.364
27552 102.161
27560 101.959
27568 101.759
27576 101.561
27584 101.364
27592 101.169
27600 100.976
27608 100.785
27616 100.596
27624 100.409
27632 100.223
27640 100.04
27648 99.8581
27656 99.6784
27664 99.5007
27672 99.3251
27680 99.1515
27688 98.9799
27696 98.8104
27704 98.6431
27712 98.4778
27720 98.3147
27728 98.1538
27736 97.9952
27744 97.8387
27752 97.6845
27760 97.5326
27768 97.383
27776 97.2358
27784 97.0909
27792 96.9485
27800 96.8084
27808 96.6708
27816 96.5357
27824 96.4031
27832 96.2731
27840 96.1456
27848 96.0207
27856 95.8984
27864 95.7788
27872 95.6619
27880 95.5478
27888 95.4364
27896 95.3277
27904 95.2219
27912 95.1189
27920 95.0189
27928 94.9217
27936 94.8275
27944 94.7362
27952 94.648
27960 94.5629
27968 94.4808
27976 94.4018
27984 94.326
27992 94.2534
28000 94.184
28008 94.1179
28016 94.055
28024 93.9955
28032 93.9394
28040 93.8867
28048 93.8374
28056 93.7916
28064 93.7493
28072 93.7106
28080 93.6755
28088 93.644
28096 93.6162
28104 93.5921
28112 93.5718
28120 93.5553
28128 93.5426
28136 93.5337
28144 93.5288
28152 93.5279
28160 93.5309
28168 93.538
28176 93.5492
28184 93.5645
28192 93.584
28200 93.6077
28208 93.6356
28216 93.6679
28224 93.7044
28232 93.7454
28240 93.7908
28248 93.8407
28256 93.8951
28264 93.9541
28272 94.0177
28280 94.0859
28288 94.1588
28296 94.2365
28304 94.319
28312 94.4064
28320 94.4986
28328 94.5958
28336 94.6979
28344 94.8051
28352 94.9174
28360 95.0348
28368 95.1574
28376 95.2852
28384 95.4183
28392 95.5567
28400 95.7005
28408 95.8498
28416 96.0045
28424 96.1647
28432 96.3306
28440 96.502
28448 96.6792
28456 96.8621
28464 97.0507
28472 97.2452
28480 97.4456
28488 97.652
28496 97.8643
28504 98.0827
28512 98.3072
28520 98.5378
28528 98.7747
28536 99.0178
28544 99.2672
28552 99.5231
28560 99.7853
28568 100.054
28576 100.329
28584 100.611
28592 100.9
28600 101.195
28608 101.497
28616 101.806
28624 102.121
28632 102.444
28640 102.773
28648 103.11
28656 103.454
28664 103.804
28672 104.162
28680 104.528
28688 104.9
28696 105.28
28704 105.668
28712 106.063
28720 106.465
28728 106.875
28736 107.293
28744 107.719
28752 108.152
28760 108.593
28768 109.042
28776 109.499
28784 109.964
28792 110.438
28800 110.919
28808 111.408
28816 111.906
28824 112.412
28832 112.927
28840 113.449
28848 113.981
28856 114.521
28864 115.069
28872 115.626
28880 116.192
28888 116.767
28896 117.351
28904 117.943
28912 118.545
28920 119.155
28928 119.775
28936 120.404
28944 121.042
28952 121.689
28960 122.345
28968 123.011
28976 123.687
28984 124.372
28992 125.066
29000 125.771
29008 126.484
29016 127.208
29024 127.941
29032 128.685
29040 129.438
29048 130.201
29056 130.974
29064 131.758
29072 132.551
29080 133.355
29088 134.169
29096 134.994
29104 135.828
29112 136.674
29120 137.529
29128 138.396
29136 139.273
29144 140.16
29152 141.059
29160 141.968
29168 142.888
29176 143.819
29184 144.761
29192 145.714
29200 146.678
29208 147.654
29216 148.64
29224 149.638
29232 150.647
29240 151.667
29248 152.699
29256 153.742
29264 154.797
29272 155.864
29280 156.942
29288 158.032
29296 159.133
29304 160.246
29312 161.372
29320 162.509
29328 163.658
29336 164.819
29344 165.992
29352 167.177
29360 168.375
29368 169.584
29376 170.806
29384 172.04
29392 173.287
29400 174.546
29408 175.817
29416 177.101
29424 178.398
29432 179.707
29440 181.028
29448 182.363
29456 183.71
29464 185.07
29472 186.442
29480 187.828
29488 189.226
29496 190.638
29504 192.062
29512 193.5
29520 194.95
29528 196.414
29536 197.891
29544 199.38
29552 200.884
29560 202.4
29568 203.93
29576 205.473
29584 207.029
29592 208.599
29600 210.182
29608 211.779
29616 213.389
29624 215.013
29632 216.651
29640 218.302
29648 219.966
29656 221.644
29664 223.336
29672 225.042
29680 226.761
29688 228.494
29696 230.241
29704 232.002
29712 233.777
29720 235.565
29728 237.367
29736 239.183
29744 241.013
29752 242.857
29760 244.715
29768 246.587
29776 248.473
29784 250.373
29792 252.287
29800 254.215
29808 256.157
29816 258.113
29824 260.083
29832 262.067
29840 264.065
29848 266.078
29856 268.104
29864 270.144
29872 272.199
29880 274.267
29888 276.35
29896 278.447
29904 280.558
29912 282.683
29920 284.821
29928 286.975
29936 289.142
29944 291.323
29952 293.518
29960 295.727
29968 297.951
29976 300.188
29984 302.439
29992 304.704
30000 306.983
30008 309.277
30016 311.584
30024 313.905
30032 316.239
30040 318.588
30048 320.951
30056 323.327
30064 325.717
30072 328.121
30080 330.538
30088 332.97
30096 335.414
30104 337.873
30112 340.345
30120 342.83
30128 345.329
30136 347.842
30144 350.368
30152 352.907
30160 355.459
30168 358.025
30176 360.604
30184 363.196
30192 365.801
30200 368.419
30208 371.051
30216 373.695
30224 376.352
30232 379.021
30240 381.704
30248 384.399
30256 387.107
30264 389.827
30272 392.56
30280 395.305
30288 398.062
30296 400.832
30304 403.614
30312 406.407
30320 409.213
30328 412.031
30336 414.86
30344 417.702
30352 420.554
30360 423.419
30368 426.294
30376 429.181
30384 432.08
30392 434.989
30400 437.91
30408 440.841
30416 443.783
30424 446.736
30432 449.699
30440 452.673
30448 455.657
30456 458.652
30464 461.656
30472 464.671
30480 467.695
30488 470.729
30496 473.773
30504 476.826
30512 479.888
30520 482.96
30528 486.041
30536 489.13
30544 492.228
30552 495.335
30560 498.45
30568 501.574
30576 504.706
30584 507.845
30592 510.993
30600 514.148
30608 517.311
30616 520.481
30624 523.658
30632 526.842
30640 530.033
30648 533.23
30656 536.434
30664 539.644
30672 542.861
30680 546.083
30688 549.311
30696 552.544
30704 555.782
30712 559.026
30720 562.275
30728 565.528
30736 568.785
30744 572.047
30752 575.313
30760 578.583
30768 581.856
30776 585.133
30784 588.413
30792 591.696
30800 594.981
30808 598.269
30816 601.56
30824 604.852
30832 608.146
30840 611.441
30848 614.738
30856 618.035
30864 621.334
30872 624.633
30880 627.932
30888 631.231
30896 634.529
30904 637.827
30912 641.124
30920 644.421
30928 647.715
30936 651.008
30944 654.299
30952 657.587
30960 660.873
30968 664.157
30976 667.437
30984 670.713
30992 673.986
31000 677.254
31008 680.518
31016 683.778
31024 687.032
31032 690.281
31040 693.525
31048 696.762
31056 699.993
31064 703.217
31072 706.435
31080 709.644
31088 712.847
31096 716.041
31104 719.226
31112 722.403
31120 725.571
31128 728.729
31136 731.878
31144 735.016
31152 738.143
31160 741.26
31168 744.365
31176 747.459
31184 750.54
31192 753.609
31200 756.665
31208 759.708
31216 762.737
31224 765.751
31232 768.752
31240 771.737
31248 774.707
31256 777.661
31264 780.599
31272 783.521
31280 786.425
31288 789.312
31296 792.181
31304 795.032
31312 797.864
31320 800.677
31328 803.47
31336 806.243
31344 808.995
31352 811.726
31360 814.436
31368 817.124
31376 819.789
31384 822.431
31392 825.05
31400 827.645
31408 830.216
31416 832.762
31424 835.282
31432 837.777
31440 840.245
31448 842.687
31456 845.101
31464 847.487
31472 849.845
31480 852.174
31488 854.473
31496 856.743
31504 858.982
31512 861.19
31520 863.367
31528 865.511
31536 867.623
31544 869.702
31552 871.747
31560 873.758
31568 875.734
31576 877.675
31584 879.58
31592 881.448
31600 883.279
31608 885.073
31616 886.828
31624 888.545
31632 890.222
31640 891.859
31648 893.456
31656 895.012
31664 896.525
31672 897.997
31680 899.426
31688 900.811
31696 902.152
31704 903.448
31712 904.699
31720 905.904
31728 907.062
31736 908.173
31744 909.236
31752 910.251
31760 911.216
31768 912.132
31776 912.998
31784 913.812
31792 914.575
31800 915.285
31808 915.942
31816 916.546
31824 917.096
31832 917.59
31840 918.029
31848 918.412
31856 918.738
31864 919.006
31872 919.216
31880 919.366
31888 919.458
31896 919.488
31904 919.458
31912 919.366
31920 919.212
31928 918.995
31936 918.714
31944 918.368
31952 917.958
31960 917.481
31968 916.938
31976 916.328
31984 915.649
31992 914.902
32000 914.086
32008 913.199
32016 912.242
32024 911.213
32032 910.112
32040 908.938
32048 907.69
32056 906.367
32064 904.97
32072 903.496
32080 901.946
32088 900.319
32096 898.613
32104 896.829
32112 894.965
32120 893.021
32128 890.996
32136 888.889
32144 886.7
32152 884.427
32160 882.07
32168 879.629
32176 877.102
32184 874.489
32192 871.789
32200 869.001
32208 866.124
32216 863.159
32224 860.103
32232 856.957
32240 853.719
32248 850.389
32256 846.966
32264 843.45
32272 839.839
32280 836.132
32288 832.33
32296 828.431
32304 824.434
32312 820.339
32320 816.146
32328 811.852
32336 807.458
32344 802.963
32352 798.366
32360 793.666
32368 788.863
32376 783.956
32384 778.943
32392 773.825
32400 768.6
32408 763.269
32416 757.829
32424 752.281
32432 746.623
32440 740.856
32448 734.977
32456 728.987
32464 722.885
32472 716.669
32480 710.34
32488 703.897
32496 697.338
32504 690.663
32512 683.872
32520 676.963
32528 669.937
32536 662.792
32544 655.527
32552 648.142
32560 640.637
32568 633.01
32576 625.261
32584 617.389
32592 609.393
32600 601.274
32608 593.029
32616 584.659
32624 576.163
32632 567.54
32640 558.789
32648 549.911
32656 540.903
32664 531.767
32672 522.5
32680 513.103
32688 503.574
32696 493.913
32704 484.121
32712 474.195
32720 464.135
32728 453.941
32736 443.612
32744 433.148
32752 422.548
32760 411.812
32768 400.938
32776 389.927
32784 378.778
32792 367.49
32800 356.063
32808 344.496
32816 332.789
32824 320.942
32832 308.953
32840 296.823
32848 284.551
32856 272.136
32864 259.578
32872 246.877
32880 234.032
32888 221.042
32896 207.908
32904 194.629
32912 181.205
32920 167.635
32928 153.918
32936 140.056
32944 126.046
32952 111.889
32960 97.5848
32968 83.1327
32976 68.5326
32984 53.7842
32992 38.8872
33000 23.8414
33008 8.64646
33016 -6.69772
33024 -22.1914
33032 -37.8347
33040 -53.6279
33048 -69.5711
33056 -85.6644
33064 -101.908
33072 -118.302
33080 -134.847
33088 -151.542
33096 -168.388
33104 -185.384
33112 -202.531
33120 -219.829
33128 -237.278
33136 -254.877
33144 -272.627
33152 -290.528
33160 -308.579
33168 -326.781
33176 -345.133
33184 -363.635
33192 -382.287
33200 -401.089
33208 -420.041
33216 -439.142
33224 -458.392
33232 -477.791
33240 -497.339
33248 -517.036
33256 -536.88
33264 -556.872
33272 -577.012
33280 -597.298
33288 -617.731
33296 -638.31
33304 -659.034
33312 -679.904
33320 -700.918
33328 -722.076
33336 -743.378
33344 -764.823
33352 -786.409
33360 -808.138
33368 -830.007
33376 -852.017
33384 -874.166
33392 -896.453
33400 -918.879
33408 -941.442
33416 -964.14
33424 -986.975
33432 -1009.94
33440 -1033.05
33448 -1056.28
33456 -1079.65
33464 -1103.14
33472 -1126.77
33480 -1150.52
33488 -1174.41
33496 -1198.41
33504 -1222.55
33512 -1246.8
33520 -1271.18
33528 -1295.68
33536 -1320.3
33544 -1345.04
33552 -1369.89
33560 -1394.86
33568 -1419.94
33576 -1445.14
33584 -1470.44
33592 -1495.86
33600 -1521.38
33608 -1547.01
33616 -1572.74
33624 -1598.58
33632 -1624.51
33640 -1650.55
33648 -1676.68
33656 -1702.9
33664 -1729.22
33672 -1755.63
33680 -1782.13
33688 -1808.71
33696 -1835.38
33704 -1862.13
33712 -1888.95
33720 -1915.86
33728 -1942.84
33736 -1969.9
33744 -1997.02
33752 -2024.22
33760 -2051.47
33768 -2078.79
33776 -2106.17
33784 -2133.61
33792 -2161.1
33800 -2188.64
33808 -2216.23
33816 -2243.87
33824 -2271.55
33832 -2299.27
33840 -2327.02
33848 -2354.81
33856 -2382.63
33864 -2410.48
33872 -2438.35
33880 -2466.23
33888 -2494.14
33896 -2522.06
33904 -2549.99
33912 -2577.92
33920 -2605.86
33928 -2633.79
33936 -2661.72
33944 -2689.64
33952 -2717.54
33960 -2745.43
33968 -2773.3
33976 -2801.14
33984 -2828.95
33992 -2856.72
34000 -2884.46
34008 -2912.15
34016 -2939.8
34024 -2967.39
34032 -2994.93
34040 -3022.41
34048 -3049.81
34056 -3077.15
34064 -3104.41
34072 -3131.59
34080 -3158.68
34088 -3185.68
34096 -3212.58
34104 -3239.38
34112 -3266.07
34120 -3292.65
34128 -3319.1
34136 -3345.44
34144 -3371.64
34152 -3397.7
34160 -3423.62
34168 -3449.4
34176 -3475.01
34184 -3500.47
34192 -3525.76
34200 -3550.87
34208 -3575.81
34216 -3600.55
34224 -3625.11
34232 -3649.46
34240 -3673.6
34248 -3697.53
34256 -3721.24
34264 -3744.72
34272 -3767.96
34280 -3790.96
34288 -3813.71
34296 -3836.2
34304 -3858.42
34312 -3880.37
34320 -3902.03
34328 -3923.41
34336 -3944.48
34344 -3965.25
34352 -3985.71
34360 -4005.84
34368 -4025.64
34376 -4045.1
34384 -4064.21
34392 -4082.96
34400 -4101.34
34408 -4119.35
34416 -4136.97
34424 -4154.19
34432 -4171.01
34440 -4187.41
34448 -4203.39
34456 -4218.94
34464 -4234.04
34472 -4248.68
34480 -4262.87
34488 -4276.57
34496 -4289.79
34504 -4302.52
34512 -4314.73
34520 -4326.43
34528 -4337.6
34536 -4348.23
34544 -4358.3
34552 -4367.82
34560 -4376.75
34568 -4385.1
34576 -4392.86
34584 -4400
34592 -4406.51
34600 -4412.4
34608 -4417.63
34616 -4422.2
34624 -4426.1
34632 -4429.32
34640 -4431.83
34648 -4433.63
34656 -4434.71
34664 -4435.04
34672 -4434.62
34680 -4433.43
34688 -4431.47
34696 -4428.7
34704 -4425.13
34712 -4420.73
34720 -4415.49
34728 -4409.39
34736 -4402.43
34744 -4394.58
34752 -4385.83
34760 -4376.16
34768 -4365.56
34776 -4354.02
34784 -4341.51
34792 -4328.02
34800 -4313.53
34808 -4298.03
34816 -4281.5
34824 -4263.92
34832 -4245.27
34840 -4225.54
34848 -4204.72
34856 -4182.77
34864 -4159.69
34872 -4135.45
34880 -4110.04
34888 -4083.44
34896 -4055.63
34904 -4026.59
34912 -3996.3
34920 -3964.74
34928 -3931.9
34936 -3897.74
34944 -3862.26
34952 -3825.43
34960 -3787.23
34968 -3747.64
34976 -3706.64
34984 -3664.21
34992 -3620.32
35000 -3574.96
35008 -3528.1
35016 -3479.72
35024 -3429.8
35032 -3378.32
35040 -3325.24
35048 -3270.56
35056 -3214.24
35064 -3156.27
35072 -3096.61
35080 -3035.25
35088 -2972.16
35096 -2907.32
35104 -2840.69
35112 -2772.26
35120 -2702
35128 -2629.89
35136 -2555.89
35144 -2479.99
35152 -2402.15
35160 -2322.35
35168 -2240.57
35176 -2156.77
35184 -2070.92
35192 -1983.01
35200 -1893
35208 -1800.86
35216 -1706.57
35224 -1610.09
35232 -1511.4
35240 -1410.47
35248 -1307.26
35256 -1201.75
35264 -1093.91
35272 -983.699
35280 -871.096
35288 -756.067
35296 -638.581
35304 -518.604
35312 -396.105
35320 -271.051
35328 -143.409
35336 -13.1462
