0 213.059
8 214.944
16 216.812
24 218.663
32 220.499
40 222.318
48 224.121
56 225.909
64 227.68
72 229.435
80 231.175
88 232.898
96 234.606
104 236.299
112 237.976
120 239.637
128 241.283
136 242.914
144 244.529
152 246.129
160 247.714
168 249.285
176 250.84
184 252.38
192 253.905
200 255.416
208 256.912
216 258.393
224 259.86
232 261.312
240 262.749
248 264.173
256 265.582
264 266.977
272 268.358
280 269.724
288 271.077
296 272.416
304 273.74
312 275.051
320 276.348
328 277.632
336 278.902
344 280.158
352 281.401
360 282.63
368 283.846
376 285.049
384 286.239
392 287.415
400 288.578
408 289.728
416 290.865
424 291.99
432 293.101
440 294.2
448 295.286
456 296.359
464 297.419
472 298.468
480 299.503
488 300.526
496 301.537
504 302.536
512 303.522
520 304.496
528 305.458
536 306.408
544 307.346
552 308.272
560 309.187
568 310.089
576 310.98
584 311.859
592 312.726
600 313.582
608 314.426
616 315.259
624 316.081
632 316.891
640 317.69
648 318.477
656 319.254
664 320.019
672 320.774
680 321.517
688 322.25
696 322.971
704 323.682
712 324.382
720 325.071
728 325.75
736 326.418
744 327.076
752 327.723
760 328.36
768 328.986
776 329.602
784 330.208
792 330.804
800 331.389
808 331.965
816 332.53
824 333.085
832 333.631
840 334.166
848 334.692
856 335.208
864 335.715
872 336.211
880 336.698
888 337.176
896 337.644
904 338.103
912 338.552
920 338.992
928 339.423
936 339.844
944 340.256
952 340.659
960 341.053
968 341.438
976 341.814
984 342.181
992 342.54
1000 342.889
1008 343.23
1016 343.562
1024 343.885
1032 344.2
1040 344.506
1048 344.803
1056 345.093
1064 345.373
1072 345.646
1080 345.91
1088 346.165
1096 346.413
1104 346.652
1112 346.883
1120 347.106
1128 347.322
1136 347.529
1144 347.728
1152 347.919
1160 348.103
1168 348.278
1176 348.446
1184 348.607
1192 348.759
1200 348.904
1208 349.042
1216 349.172
1224 349.294
1232 349.409
1240 349.517
1248 349.617
1256 349.71
1264 349.796
1272 349.875
1280 349.946
1288 350.011
1296 350.068
1304 350.118
1312 350.162
1320 350.198
1328 350.228
1336 350.251
1344 350.266
1352 350.276
1360 350.278
1368 350.274
1376 350.263
1384 350.246
1392 350.222
1400 350.192
1408 350.155
1416 350.112
1424 350.062
1432 350.006
1440 349.944
1448 349.876
1456 349.801
1464 349.721
1472 349.634
1480 349.541
1488 349.442
1496 349.337
1504 349.226
1512 349.11
1520 348.987
1528 348.859
1536 348.725
1544 348.585
1552 348.439
1560 348.288
1568 348.131
1576 347.969
1584 347.801
1592 347.627
1600 347.448
1608 347.264
1616 347.074
1624 346.879
1632 346.678
1640 346.473
1648 346.262
1656 346.046
1664 345.824
1672 345.598
1680 345.367
1688 345.13
1696 344.889
1704 344.642
1712 344.391
1720 344.134
1728 343.873
1736 343.607
1744 343.337
1752 343.061
1760 342.781
1768 342.496
1776 342.207
1784 341.913
1792 341.614
1800 341.311
1808 341.003
1816 340.691
1824 340.375
1832 340.054
1840 339.728
1848 339.399
1856 339.065
1864 338.727
1872 338.385
1880 338.038
1888 337.687
1896 337.333
1904 336.974
1912 336.611
1920 336.244
1928 335.873
1936 335.499
1944 335.12
1952 334.738
1960 334.351
1968 333.961
1976 333.567
1984 333.169
1992 332.768
2000 332.363
2008 331.954
2016 331.542
2024 331.126
2032 330.707
2040 330.284
2048 329.857
2056 329.427
2064 328.994
2072 328.557
2080 328.117
2088 327.674
2096 327.227
2104 326.777
2112 326.324
2120 325.868
2128 325.408
2136 324.946
2144 324.48
2152 324.011
2160 323.539
2168 323.064
2176 322.586
2184 322.105
2192 321.622
2200 321.135
2208 320.645
2216 320.153
2224 319.658
2232 319.16
2240 318.659
2248 318.155
2256 317.649
2264 317.14
2272 316.629
2280 316.114
2288 315.598
2296 315.078
2304 314.557
2312 314.032
2320 313.506
2328 312.976
2336 312.445
2344 311.911
2352 311.374
2360 310.836
2368 310.294
2376 309.751
2384 309.206
2392 308.658
2400 308.108
2408 307.555
2416 307.001
2424 306.445
2432 305.886
2440 305.325
2448 304.763
2456 304.198
2464 303.631
2472 303.063
2480 302.492
2488 301.919
2496 301.345
2504 300.769
2512 300.19
2520 299.61
2528 299.029
2536 298.445
2544 297.86
2552 297.273
2560 296.684
2568 296.094
2576 295.502
2584 294.908
2592 294.313
2600 293.716
2608 293.118
2616 292.518
2624 291.916
2632 291.313
2640 290.709
2648 290.103
2656 289.496
2664 288.887
2672 288.278
2680 287.666
2688 287.054
2696 286.44
2704 285.824
2712 285.208
2720 284.59
2728 283.971
2736 283.351
2744 282.73
2752 282.108
2760 281.484
2768 280.86
2776 280.234
2784 279.607
2792 278.979
2800 278.35
2808 277.721
2816 277.09
2824 276.458
2832 275.825
2840 275.192
2848 274.557
2856 273.922
2864 273.286
2872 272.649
2880 272.011
2888 271.373
2896 270.733
2904 270.093
2912 269.452
2920 268.811
2928 268.168
2936 267.525
2944 266.882
2952 266.238
2960 265.593
2968 264.947
2976 264.301
2984 263.655
2992 263.008
3000 262.36
3008 261.712
3016 261.064
3024 260.415
3032 259.765
3040 259.115
3048 258.465
3056 257.814
3064 257.163
3072 256.512
3080 255.86
3088 255.208
3096 254.556
3104 253.903
3112 253.25
3120 252.597
3128 251.944
3136 251.29
3144 250.636
3152 249.982
3160 249.328
3168 248.674
3176 248.02
3184 247.365
3192 246.71
3200 246.056
3208 245.401
3216 244.746
3224 244.092
3232 243.437
3240 242.782
3248 242.127
3256 241.472
3264 240.818
3272 240.163
3280 239.509
3288 238.854
3296 238.2
3304 237.546
3312 236.892
3320 236.238
3328 235.584
3336 234.93
3344 234.277
3352 233.624
3360 232.971
3368 232.319
3376 231.666
3384 231.014
3392 230.362
3400 229.711
3408 229.06
3416 228.409
3424 227.759
3432 227.109
3440 226.459
3448 225.81
3456 225.161
3464 224.512
3472 223.864
3480 223.217
3488 222.57
3496 221.923
3504 221.277
3512 220.631
3520 219.986
3528 219.341
3536 218.697
3544 218.054
3552 217.411
3560 216.768
3568 216.127
3576 215.486
3584 214.845
3592 214.205
3600 213.566
3608 212.927
3616 212.289
3624 211.652
3632 211.015
3640 210.38
3648 209.744
3656 209.11
3664 208.476
3672 207.843
3680 207.211
3688 206.58
3696 205.949
3704 205.319
3712 204.69
3720 204.062
3728 203.435
3736 202.808
3744 202.183
3752 201.558
3760 200.934
3768 200.311
3776 199.689
3784 199.068
3792 198.447
3800 197.828
3808 197.21
3816 196.592
3824 195.976
3832 195.36
3840 194.746
3848 194.132
3856 193.52
3864 192.908
3872 192.298
3880 191.688
3888 191.08
3896 190.472
3904 189.866
3912 189.261
3920 188.656
3928 188.053
3936 187.451
3944 186.851
3952 186.251
3960 185.652
3968 185.055
3976 184.458
3984 183.863
3992 183.269
4000 182.676
4008 182.085
4016 181.494
4024 180.905
4032 180.317
4040 179.73
4048 179.144
4056 178.56
4064 177.977
4072 177.395
4080 176.814
4088 176.235
4096 175.657
4104 175.08
4112 174.504
4120 173.93
4128 173.357
4136 172.786
4144 172.215
4152 171.646
4160 171.079
4168 170.512
4176 169.947
4184 169.384
4192 168.822
4200 168.261
4208 167.701
4216 167.143
4224 166.587
4232 166.031
4240 165.478
4248 164.925
4256 164.374
4264 163.825
4272 163.276
4280 162.73
4288 162.184
4296 161.641
4304 161.098
4312 160.557
4320 160.018
4328 159.48
4336 158.944
4344 158.409
4352 157.875
4360 157.344
4368 156.813
4376 156.284
4384 155.757
4392 155.231
4400 154.707
4408 154.184
4416 153.663
4424 153.143
4432 152.625
4440 152.109
4448 151.594
4456 151.081
4464 150.569
4472 150.059
4480 149.55
4488 149.043
4496 148.538
4504 148.034
4512 147.532
4520 147.031
4528 146.532
4536 146.035
4544 145.539
4552 145.045
4560 144.553
4568 144.062
4576 143.573
4584 143.086
4592 142.6
4600 142.116
4608 141.633
4616 141.153
4624 140.674
4632 140.196
4640 139.721
4648 139.247
4656 138.774
4664 138.304
4672 137.835
4680 137.368
4688 136.902
4696 136.438
4704 135.976
4712 135.516
4720 135.057
4728 134.601
4736 134.145
4744 133.692
4752 133.24
4760 132.79
4768 132.342
4776 131.896
4784 131.451
4792 131.008
4800 130.567
4808 130.128
4816 129.69
4824 129.254
4832 128.82
4840 128.388
4848 127.958
4856 127.529
4864 127.102
4872 126.677
4880 126.254
4888 125.832
4896 125.412
4904 124.994
4912 124.578
4920 124.164
4928 123.751
4936 123.341
4944 122.932
4952 122.525
4960 122.119
4968 121.716
4976 121.314
4984 120.915
4992 120.517
5000 120.12
5008 119.726
5016 119.334
5024 118.943
5032 118.554
5040 118.167
5048 117.782
5056 117.399
5064 117.017
5072 116.638
5080 116.26
5088 115.884
5096 115.51
5104 115.138
5112 114.768
5120 114.399
5128 114.032
5136 113.668
5144 113.305
5152 112.944
5160 112.584
5168 112.227
5176 111.872
5184 111.518
5192 111.166
5200 110.817
5208 110.469
5216 110.122
5224 109.778
5232 109.436
5240 109.095
5248 108.757
5256 108.42
5264 108.085
5272 107.752
5280 107.421
5288 107.092
5296 106.764
5304 106.439
5312 106.115
5320 105.794
5328 105.474
5336 105.156
5344 104.84
5352 104.526
5360 104.213
5368 103.903
5376 103.594
5384 103.288
5392 102.983
5400 102.68
5408 102.379
5416 102.08
5424 101.783
5432 101.487
5440 101.194
5448 100.902
5456 100.612
5464 100.325
5472 100.039
5480 99.7547
5488 99.4725
5496 99.1922
5504 98.9138
5512 98.6373
5520 98.3627
5528 98.0899
5536 97.8191
5544 97.5501
5552 97.283
5560 97.0177
5568 96.7544
5576 96.4929
5584 96.2333
5592 95.9756
5600 95.7198
5608 95.4658
5616 95.2138
5624 94.9635
5632 94.7152
5640 94.4688
5648 94.2242
5656 93.9815
5664 93.7406
5672 93.5017
5680 93.2645
5688 93.0293
5696 92.7959
5704 92.5644
5712 92.3348
5720 92.107
5728 91.8811
5736 91.6571
5744 91.4349
5752 91.2146
5760 90.9961
5768 90.7795
5776 90.5647
5784 90.3518
5792 90.1408
5800 89.9316
5808 89.7242
5816 89.5187
5824 89.3151
5832 89.1132
5840 88.9133
5848 88.7152
5856 88.5189
5864 88.3244
5872 88.1318
5880 87.941
5888 87.7521
5896 87.565
5904 87.3797
5912 87.1963
5920 87.0146
5928 86.8349
5936 86.6569
5944 86.4807
5952 86.3064
5960 86.1339
5968 85.9632
5976 85.7943
5984 85.6272
5992 85.4619
6000 85.2985
6008 85.1368
6016 84.977
6024 84.8189
6032 84.6627
6040 84.5082
6048 84.3556
6056 84.2047
6064 84.0556
6072 83.9083
6080 83.7628
6088 83.6191
6096 83.4772
6104 83.337
6112 83.1986
6120 83.062
6128 82.9272
6136 82.7941
6144 82.6628
6152 82.5332
6160 82.4054
6168 82.2794
6176 82.1551
6184 82.0326
6192 81.9119
6200 81.7928
6208 81.6756
6216 81.56
6224 81.4462
6232 81.3342
6240 81.2239
6248 81.1153
6256 81.0084
6264 80.9033
6272 80.7999
6280 80.6982
6288 80.5982
6296 80.5
6304 80.4034
6312 80.3086
6320 80.2154
6328 80.124
6336 80.0343
6344 79.9463
6352 79.8599
6360 79.7753
6368 79.6923
6376 79.611
6384 79.5314
6392 79.4535
6400 79.3773
6408 79.3027
6416 79.2298
6424 79.1586
6432 79.089
6440 79.0211
6448 78.9548
6456 78.8902
6464 78.8273
6472 78.7659
6480 78.7063
6488 78.6482
6496 78.5918
6504 78.5371
6512 78.484
6520 78.4324
6528 78.3826
6536 78.3343
6544 78.2876
6552 78.2426
6560 78.1992
6568 78.1573
6576 78.1171
6584 78.0785
6592 78.0415
6600 78.006
6608 77.9722
6616 77.9399
6624 77.9092
6632 77.8801
6640 77.8525
6648 77.8266
6656 77.8021
6664 77.7793
6672 77.758
6680 77.7383
6688 77.7201
6696 77.7034
6704 77.6883
6712 77.6748
6720 77.6627
6728 77.6522
6736 77.6433
6744 77.6358
6752 77.6299
6760 77.6255
6768 77.6226
6776 77.6212
6784 77.6213
6792 77.6229
6800 77.626
6808 77.6307
6816 77.6367
6824 77.6443
6832 77.6534
6840 77.6639
6848 77.6759
6856 77.6894
6864 77.7043
6872 77.7207
6880 77.7385
6888 77.7578
6896 77.7786
6904 77.8008
6912 77.8244
6920 77.8495
6928 77.876
6936 77.9039
6944 77.9333
6952 77.964
6960 77.9962
6968 78.0298
6976 78.0648
6984 78.1012
6992 78.139
7000 78.1782
7008 78.2188
7016 78.2607
7024 78.3041
7032 78.3488
7040 78.3949
7048 78.4423
7056 78.4912
7064 78.5413
7072 78.5929
7080 78.6458
7088 78.7
7096 78.7556
7104 78.8125
7112 78.8707
7120 78.9303
7128 78.9912
7136 79.0534
7144 79.1169
7152 79.1818
7160 79.2479
7168 79.3154
7176 79.3841
7184 79.4541
7192 79.5255
7200 79.5981
7208 79.672
7216 79.7471
7224 79.8236
7232 79.9013
7240 79.9802
7248 80.0605
7256 80.1419
7264 80.2246
7272 80.3086
7280 80.3938
7288 80.4802
7296 80.5679
7304 80.6568
7312 80.7469
7320 80.8382
7328 80.9308
7336 81.0245
7344 81.1194
7352 81.2156
7360 81.3129
7368 81.4114
7376 81.5111
7384 81.612
7392 81.7141
7400 81.8173
7408 81.9217
7416 82.0272
7424 82.1339
7432 82.2418
7440 82.3508
7448 82.4609
7456 82.5722
7464 82.6846
7472 82.7981
7480 82.9128
7488 83.0286
7496 83.1455
7504 83.2635
7512 83.3826
7520 83.5028
7528 83.6241
7536 83.7464
7544 83.8699
7552 83.9944
7560 84.1201
7568 84.2467
7576 84.3745
7584 84.5033
7592 84.6332
7600 84.7641
7608 84.8961
7616 85.0291
7624 85.1631
7632 85.2982
7640 85.4343
7648 85.5714
7656 85.7095
7664 85.8487
7672 85.9888
7680 86.13
7688 86.2722
7696 86.4153
7704 86.5594
7712 86.7046
7720 86.8507
7728 86.9977
7736 87.1458
7744 87.2948
7752 87.4447
7760 87.5957
7768 87.7475
7776 87.9003
7784 88.0541
7792 88.2088
7800 88.3644
7808 88.5209
7816 88.6784
7824 88.8368
7832 88.996
7840 89.1562
7848 89.3173
7856 89.4793
7864 89.6422
7872 89.8059
7880 89.9706
7888 90.1361
7896 90.3025
7904 90.4697
7912 90.6378
7920 90.8068
7928 90.9766
7936 91.1473
7944 91.3188
7952 91.4912
7960 91.6643
7968 91.8383
7976 92.0132
7984 92.1888
7992 92.3653
8000 92.5425
8008 92.7206
8016 92.8994
8024 93.0791
8032 93.2595
8040 93.4408
8048 93.6228
8056 93.8055
8064 93.9891
8072 94.1734
8080 94.3584
8088 94.5443
8096 94.7308
8104 94.9181
8112 95.1062
8120 95.2949
8128 95.4845
8136 95.6747
8144 95.8656
8152 96.0573
8160 96.2497
8168 96.4427
8176 96.6365
8184 96.831
8192 97.0261
8200 97.222
8208 97.4185
8216 97.6157
8224 97.8136
8232 98.0121
8240 98.2113
8248 98.4111
8256 98.6116
8264 98.8128
8272 99.0146
8280 99.217
8288 99.42
8296 99.6237
8304 99.828
8312 100.033
8320 100.238
8328 100.445
8336 100.651
8344 100.859
8352 101.067
8360 101.275
8368 101.484
8376 101.694
8384 101.904
8392 102.115
8400 102.326
8408 102.538
8416 102.751
8424 102.964
8432 103.177
8440 103.391
8448 103.606
8456 103.821
8464 104.037
8472 104.253
8480 104.47
8488 104.687
8496 104.905
8504 105.123
8512 105.342
8520 105.561
8528 105.781
8536 106.001
8544 106.221
8552 106.443
8560 106.664
8568 106.886
8576 107.109
8584 107.332
8592 107.555
8600 107.779
8608 108.003
8616 108.228
8624 108.453
8632 108.679
8640 108.905
8648 109.131
8656 109.358
8664 109.585
8672 109.813
8680 110.041
8688 110.269
8696 110.498
8704 110.727
8712 110.957
8720 111.187
8728 111.417
8736 111.648
8744 111.879
8752 112.11
8760 112.342
8768 112.574
8776 112.806
8784 113.039
8792 113.272
8800 113.506
8808 113.739
8816 113.973
8824 114.208
8832 114.442
8840 114.677
8848 114.912
8856 115.148
8864 115.384
8872 115.62
8880 115.856
8888 116.093
8896 116.33
8904 116.567
8912 116.805
8920 117.042
8928 117.28
8936 117.518
8944 117.757
8952 117.996
8960 118.234
8968 118.474
8976 118.713
8984 118.953
8992 119.192
9000 119.432
9008 119.673
9016 119.913
9024 120.154
9032 120.394
9040 120.635
9048 120.877
9056 121.118
9064 121.36
9072 121.601
9080 121.843
9088 122.085
9096 122.327
9104 122.57
9112 122.812
9120 123.055
9128 123.298
9136 123.541
9144 123.784
9152 124.027
9160 124.27
9168 124.514
9176 124.757
9184 125.001
9192 125.245
9200 125.488
9208 125.732
9216 125.976
9224 126.221
9232 126.465
9240 126.709
9248 126.953
9256 127.198
9264 127.442
9272 127.687
9280 127.932
9288 128.176
9296 128.421
9304 128.666
9312 128.911
9320 129.155
9328 129.4
9336 129.645
9344 129.89
9352 130.135
9360 130.38
9368 130.625
9376 130.87
9384 131.115
9392 131.36
9400 131.605
9408 131.85
9416 132.095
9424 132.34
9432 132.585
9440 132.83
9448 133.075
9456 133.32
9464 133.564
9472 133.809
9480 134.054
9488 134.299
9496 134.543
9504 134.788
9512 135.032
9520 135.277
9528 135.521
9536 135.766
9544 136.01
9552 136.254
9560 136.498
9568 136.742
9576 136.986
9584 137.23
9592 137.473
9600 137.717
9608 137.96
9616 138.204
9624 138.447
9632 138.69
9640 138.933
9648 139.176
9656 139.419
9664 139.661
9672 139.904
9680 140.146
9688 140.388
9696 140.63
9704 140.872
9712 141.114
9720 141.356
9728 141.597
9736 141.838
9744 142.079
9752 142.32
9760 142.561
9768 142.802
9776 143.042
9784 143.282
9792 143.522
9800 143.762
9808 144.001
9816 144.241
9824 144.48
9832 144.719
9840 144.957
9848 145.196
9856 145.434
9864 145.672
9872 145.91
9880 146.148
9888 146.385
9896 146.622
9904 146.859
9912 147.096
9920 147.332
9928 147.568
9936 147.804
9944 148.04
9952 148.275
9960 148.51
9968 148.745
9976 148.979
9984 149.214
9992 149.447
10000 149.681
10008 149.915
10016 150.148
10024 150.38
10032 150.613
10040 150.845
10048 151.077
10056 151.309
10064 151.54
10072 151.771
10080 152.001
10088 152.232
10096 152.462
10104 152.691
10112 152.921
10120 153.15
10128 153.378
10136 153.607
10144 153.835
10152 154.062
10160 154.29
10168 154.517
10176 154.743
10184 154.969
10192 155.195
10200 155.421
10208 155.646
10216 155.871
10224 156.095
10232 156.319
10240 156.543
10248 156.766
10256 156.989
10264 157.211
10272 157.433
10280 157.655
10288 157.876
10296 158.097
10304 158.317
10312 158.537
10320 158.757
10328 158.976
10336 159.195
10344 159.413
10352 159.631
10360 159.849
10368 160.066
10376 160.283
10384 160.499
10392 160.715
10400 160.93
10408 161.145
10416 161.36
10424 161.574
10432 161.787
10440 162
10448 162.213
10456 162.425
10464 162.637
10472 162.848
10480 163.059
10488 163.27
10496 163.479
10504 163.689
10512 163.898
10520 164.106
10528 164.314
10536 164.522
10544 164.729
10552 164.935
10560 165.141
10568 165.347
10576 165.552
10584 165.756
10592 165.96
10600 166.164
10608 166.367
10616 166.569
10624 166.771
10632 166.973
10640 167.174
10648 167.374
10656 167.574
10664 167.774
10672 167.972
10680 168.171
10688 168.369
10696 168.566
10704 168.763
10712 168.959
10720 169.154
10728 169.349
10736 169.544
10744 169.738
10752 169.932
10760 170.124
10768 170.317
10776 170.509
10784 170.7
10792 170.89
10800 171.081
10808 171.27
10816 171.459
10824 171.647
10832 171.835
10840 172.023
10848 172.209
10856 172.395
10864 172.581
10872 172.766
10880 172.95
10888 173.134
10896 173.317
10904 173.5
10912 173.682
10920 173.863
10928 174.044
10936 174.224
10944 174.404
10952 174.583
10960 174.761
10968 174.939
10976 175.116
10984 175.293
10992 175.468
11000 175.644
11008 175.819
11016 175.993
11024 176.166
11032 176.339
11040 176.511
11048 176.683
11056 176.854
11064 177.024
11072 177.194
11080 177.363
11088 177.531
11096 177.699
11104 177.866
11112 178.033
11120 178.199
11128 178.364
11136 178.529
11144 178.693
11152 178.856
11160 179.019
11168 179.181
11176 179.342
11184 179.503
11192 179.663
11200 179.822
11208 179.981
11216 180.139
11224 180.296
11232 180.453
11240 180.609
11248 180.764
11256 180.919
11264 181.073
11272 181.227
11280 181.379
11288 181.531
11296 181.683
11304 181.833
11312 181.983
11320 182.133
11328 182.281
11336 182.429
11344 182.577
11352 182.723
11360 182.869
11368 183.014
11376 183.159
11384 183.303
11392 183.446
11400 183.588
11408 183.73
11416 183.871
11424 184.012
11432 184.151
11440 184.29
11448 184.428
11456 184.566
11464 184.703
11472 184.839
11480 184.975
11488 185.109
11496 185.243
11504 185.377
11512 185.509
11520 185.641
11528 185.772
11536 185.903
11544 186.033
11552 186.162
11560 186.29
11568 186.418
11576 186.545
11584 186.671
11592 186.796
11600 186.921
11608 187.045
11616 187.168
11624 187.291
11632 187.413
11640 187.534
11648 187.654
11656 187.774
11664 187.893
11672 188.011
11680 188.129
11688 188.246
11696 188.362
11704 188.477
11712 188.591
11720 188.705
11728 188.818
11736 188.931
11744 189.042
11752 189.153
11760 189.264
11768 189.373
11776 189.482
11784 189.59
11792 189.697
11800 189.803
11808 189.909
11816 190.014
11824 190.118
11832 190.222
11840 190.325
11848 190.427
11856 190.528
11864 190.628
11872 190.728
11880 190.827
11888 190.925
11896 191.023
11904 191.12
11912 191.216
11920 191.311
11928 191.406
11936 191.499
11944 191.593
11952 191.685
11960 191.776
11968 191.867
11976 191.957
11984 192.047
11992 192.135
12000 192.223
12008 192.31
12016 192.396
12024 192.482
12032 192.567
12040 192.651
12048 192.734
12056 192.816
12064 192.898
12072 192.979
12080 193.059
12088 193.139
12096 193.218
12104 193.296
12112 193.373
12120 193.449
12128 193.525
12136 193.6
12144 193.674
12152 193.748
12160 193.821
12168 193.893
12176 193.964
12184 194.034
12192 194.104
12200 194.173
12208 194.241
12216 194.308
12224 194.375
12232 194.441
12240 194.506
12248 194.57
12256 194.634
12264 194.697
12272 194.759
12280 194.82
12288 194.881
12296 194.941
12304 195
12312 195.058
12320 195.116
12328 195.173
12336 195.229
12344 195.284
12352 195.339
12360 195.393
12368 195.446
12376 195.498
12384 195.55
12392 195.6
12400 195.65
12408 195.7
12416 195.748
12424 195.796
12432 195.843
12440 195.889
12448 195.935
12456 195.98
12464 196.024
12472 196.067
12480 196.11
12488 196.151
12496 196.192
12504 196.233
12512 196.272
12520 196.311
12528 196.349
12536 196.386
12544 196.423
12552 196.459
12560 196.494
12568 196.528
12576 196.562
12584 196.595
12592 196.627
12600 196.658
12608 196.689
12616 196.718
12624 196.748
12632 196.776
12640 196.804
12648 196.831
12656 196.857
12664 196.882
12672 196.907
12680 196.931
12688 196.954
12696 196.976
12704 196.998
12712 197.019
12720 197.04
12728 197.059
12736 197.078
12744 197.096
12752 197.113
12760 197.13
12768 197.146
12776 197.161
12784 197.176
12792 197.189
12800 197.202
12808 197.214
12816 197.226
12824 197.237
12832 197.247
12840 197.256
12848 197.265
12856 197.273
12864 197.28
12872 197.287
12880 197.292
12888 197.298
12896 197.302
12904 197.306
12912 197.309
12920 197.311
12928 197.312
12936 197.313
12944 197.313
12952 197.313
12960 197.311
12968 197.309
12976 197.306
12984 197.303
12992 197.299
13000 197.294
13008 197.289
13016 197.282
13024 197.275
13032 197.268
13040 197.259
13048 197.25
13056 197.241
13064 197.23
13072 197.219
13080 197.207
13088 197.195
13096 197.182
13104 197.168
13112 197.153
13120 197.138
13128 197.122
13136 197.106
13144 197.088
13152 197.071
13160 197.052
13168 197.033
13176 197.013
13184 196.992
13192 196.971
13200 196.949
13208 196.926
13216 196.903
13224 196.879
13232 196.854
13240 196.829
13248 196.803
13256 196.776
13264 196.749
13272 196.721
13280 196.692
13288 196.663
13296 196.633
13304 196.603
13312 196.571
13320 196.54
13328 196.507
13336 196.474
13344 196.44
13352 196.406
13360 196.37
13368 196.335
13376 196.298
13384 196.261
13392 196.224
13400 196.185
13408 196.147
13416 196.107
13424 196.067
13432 196.026
13440 195.985
13448 195.942
13456 195.9
13464 195.856
13472 195.813
13480 195.768
13488 195.723
13496 195.677
13504 195.631
13512 195.584
13520 195.536
13528 195.488
13536 195.439
13544 195.39
13552 195.34
13560 195.289
13568 195.238
13576 195.186
13584 195.134
13592 195.081
13600 195.027
13608 194.973
13616 194.918
13624 194.863
13632 194.807
13640 194.75
13648 194.693
13656 194.635
13664 194.577
13672 194.518
13680 194.459
13688 194.399
13696 194.338
13704 194.277
13712 194.215
13720 194.153
13728 194.09
13736 194.027
13744 193.963
13752 193.898
13760 193.833
13768 193.768
13776 193.702
13784 193.635
13792 193.568
13800 193.5
13808 193.431
13816 193.362
13824 193.293
13832 193.223
13840 193.153
13848 193.082
13856 193.01
13864 192.938
13872 192.865
13880 192.792
13888 192.718
13896 192.644
13904 192.57
13912 192.494
13920 192.419
13928 192.342
13936 192.266
13944 192.188
13952 192.111
13960 192.032
13968 191.954
13976 191.874
13984 191.794
13992 191.714
14000 191.633
14008 191.552
14016 191.47
14024 191.388
14032 191.306
14040 191.222
14048 191.139
14056 191.055
14064 190.97
14072 190.885
14080 190.799
14088 190.713
14096 190.627
14104 190.54
14112 190.452
14120 190.364
14128 190.276
14136 190.187
14144 190.098
14152 190.008
14160 189.918
14168 189.828
14176 189.737
14184 189.645
14192 189.553
14200 189.461
14208 189.368
14216 189.275
14224 189.181
14232 189.087
14240 188.993
14248 188.898
14256 188.802
14264 188.707
14272 188.61
14280 188.514
14288 188.417
14296 188.319
14304 188.222
14312 188.123
14320 188.025
14328 187.926
14336 187.826
14344 187.727
14352 187.626
14360 187.526
14368 187.425
14376 187.324
14384 187.222
14392 187.12
14400 187.017
14408 186.914
14416 186.811
14424 186.708
14432 186.604
14440 186.499
14448 186.395
14456 186.29
14464 186.184
14472 186.078
14480 185.972
14488 185.866
14496 185.759
14504 185.652
14512 185.544
14520 185.437
14528 185.329
14536 185.22
14544 185.111
14552 185.002
14560 184.893
14568 184.783
14576 184.673
14584 184.562
14592 184.452
14600 184.341
14608 184.229
14616 184.117
14624 184.006
14632 183.893
14640 183.781
14648 183.668
14656 183.555
14664 183.441
14672 183.327
14680 183.213
14688 183.099
14696 182.985
14704 182.87
14712 182.755
14720 182.639
14728 182.523
14736 182.407
14744 182.291
14752 182.175
14760 182.058
14768 181.941
14776 181.824
14784 181.706
14792 181.589
14800 181.471
14808 181.352
14816 181.234
14824 181.115
14832 180.996
14840 180.877
14848 180.758
14856 180.638
14864 180.518
14872 180.398
14880 180.278
14888 180.157
14896 180.037
14904 179.916
14912 179.795
14920 179.673
14928 179.552
14936 179.43
14944 179.308
14952 179.186
14960 179.064
14968 178.941
14976 178.818
14984 178.696
14992 178.573
15000 178.449
15008 178.326
15016 178.202
15024 178.079
15032 177.955
15040 177.831
15048 177.706
15056 177.582
15064 177.458
15072 177.333
15080 177.208
15088 177.083
15096 176.958
15104 176.833
15112 176.707
15120 176.582
15128 176.456
15136 176.33
15144 176.204
15152 176.078
15160 175.952
15168 175.826
15176 175.7
15184 175.573
15192 175.447
15200 175.32
15208 175.193
15216 175.066
15224 174.939
15232 174.812
15240 174.685
15248 174.558
15256 174.43
15264 174.303
15272 174.175
15280 174.048
15288 173.92
15296 173.792
15304 173.665
15312 173.537
15320 173.409
15328 173.281
15336 173.153
15344 173.025
15352 172.897
15360 172.768
15368 172.64
15376 172.512
15384 172.384
15392 172.255
15400 172.127
15408 171.998
15416 171.87
15424 171.741
15432 171.613
15440 171.485
15448 171.356
15456 171.227
15464 171.099
15472 170.97
15480 170.842
15488 170.713
15496 170.585
15504 170.456
15512 170.328
15520 170.199
15528 170.071
15536 169.942
15544 169.814
15552 169.685
15560 169.557
15568 169.429
15576 169.3
15584 169.172
15592 169.044
15600 168.915
15608 168.787
15616 168.659
15624 168.531
15632 168.403
15640 168.275
15648 168.147
15656 168.019
15664 167.891
15672 167.764
15680 167.636
15688 167.508
15696 167.381
15704 167.253
15712 167.126
15720 166.999
15728 166.871
15736 166.744
15744 166.617
15752 166.49
15760 166.364
15768 166.237
15776 166.11
15784 165.984
15792 165.858
15800 165.731
15808 165.605
15816 165.479
15824 165.353
15832 165.227
15840 165.102
15848 164.976
15856 164.851
15864 164.726
15872 164.601
15880 164.476
15888 164.351
15896 164.226
15904 164.102
15912 163.977
15920 163.853
15928 163.729
15936 163.605
15944 163.482
15952 163.358
15960 163.235
15968 163.111
15976 162.988
15984 162.866
15992 162.743
16000 162.621
16008 162.498
16016 162.376
16024 162.254
16032 162.133
16040 162.011
16048 161.89
16056 161.769
16064 161.648
16072 161.528
16080 161.407
16088 161.287
16096 161.167
16104 161.047
16112 160.928
16120 160.808
16128 160.689
16136 160.571
16144 160.452
16152 160.334
16160 160.216
16168 160.098
16176 159.98
16184 159.863
16192 159.746
16200 159.629
16208 159.513
16216 159.396
16224 159.28
16232 159.165
16240 159.049
16248 158.934
16256 158.819
16264 158.704
16272 158.59
16280 158.476
16288 158.362
16296 158.249
16304 158.136
16312 158.023
16320 157.91
16328 157.798
16336 157.686
16344 157.574
16352 157.463
16360 157.352
16368 157.241
16376 157.131
16384 157.021
16392 156.911
16400 156.802
16408 156.693
16416 156.584
16424 156.476
16432 156.368
16440 156.26
16448 156.153
16456 156.046
16464 155.939
16472 155.833
16480 155.727
16488 155.622
16496 155.516
16504 155.412
16512 155.307
16520 155.203
16528 155.1
16536 154.996
16544 154.893
16552 154.791
16560 154.689
16568 154.587
16576 154.485
16584 154.384
16592 154.284
16600 154.184
16608 154.084
16616 153.985
16624 153.886
16632 153.787
16640 153.689
16648 153.591
16656 153.494
16664 153.397
16672 153.301
16680 153.205
16688 153.109
16696 153.014
16704 152.919
16712 152.825
16720 152.731
16728 152.638
16736 152.545
16744 152.452
16752 152.36
16760 152.269
16768 152.177
16776 152.087
16784 151.997
16792 151.907
16800 151.818
16808 151.729
16816 151.64
16824 151.553
16832 151.465
16840 151.378
16848 151.292
16856 151.206
16864 151.12
16872 151.035
16880 150.951
16888 150.867
16896 150.784
16904 150.701
16912 150.618
16920 150.536
16928 150.455
16936 150.374
16944 150.293
16952 150.213
16960 150.134
16968 150.055
16976 149.977
16984 149.899
16992 149.822
17000 149.745
17008 149.669
17016 149.593
17024 149.518
17032 149.443
17040 149.369
17048 149.296
17056 149.223
17064 149.15
17072 149.079
17080 149.007
17088 148.937
17096 148.866
17104 148.797
17112 148.728
17120 148.659
17128 148.591
17136 148.524
17144 148.457
17152 148.391
17160 148.325
17168 148.26
17176 148.196
17184 148.132
17192 148.069
17200 148.006
17208 147.944
17216 147.882
17224 147.822
17232 147.761
17240 147.702
17248 147.643
17256 147.584
17264 147.526
17272 147.469
17280 147.412
17288 147.356
17296 147.301
17304 147.246
17312 147.192
17320 147.139
17328 147.086
17336 147.033
17344 146.982
17352 146.931
17360 146.88
17368 146.831
17376 146.782
17384 146.733
17392 146.685
17400 146.638
17408 146.592
17416 146.546
17424 146.501
17432 146.456
17440 146.412
17448 146.369
17456 146.327
17464 146.285
17472 146.244
17480 146.203
17488 146.163
17496 146.124
17504 146.085
17512 146.048
17520 146.01
17528 145.974
17536 145.938
17544 145.903
17552 145.869
17560 145.835
17568 145.802
17576 145.77
17584 145.738
17592 145.707
17600 145.677
17608 145.647
17616 145.618
17624 145.59
17632 145.563
17640 145.536
17648 145.51
17656 145.485
17664 145.46
17672 145.436
17680 145.413
17688 145.391
17696 145.369
17704 145.348
17712 145.328
17720 145.308
17728 145.29
17736 145.272
17744 145.254
17752 145.238
17760 145.222
17768 145.207
17776 145.192
17784 145.179
17792 145.166
17800 145.154
17808 145.142
17816 145.132
17824 145.122
17832 145.113
17840 145.104
17848 145.097
17856 145.09
17864 145.084
17872 145.079
17880 145.074
17888 145.07
17896 145.067
17904 145.065
17912 145.064
17920 145.063
17928 145.063
17936 145.064
17944 145.065
17952 145.068
17960 145.071
17968 145.075
17976 145.08
17984 145.085
17992 145.092
18000 145.099
18008 145.107
18016 145.115
18024 145.125
18032 145.135
18040 145.146
18048 145.158
18056 145.171
18064 145.184
18072 145.198
18080 145.213
18088 145.229
18096 145.246
18104 145.264
18112 145.282
18120 145.301
18128 145.321
18136 145.342
18144 145.363
18152 145.386
18160 145.409
18168 145.433
18176 145.458
18184 145.483
18192 145.51
18200 145.537
18208 145.565
18216 145.594
18224 145.624
18232 145.655
18240 145.686
18248 145.718
18256 145.751
18264 145.785
18272 145.82
18280 145.856
18288 145.892
18296 145.93
18304 145.968
18312 146.007
18320 146.047
18328 146.087
18336 146.129
18344 146.171
18352 146.214
18360 146.258
18368 146.303
18376 146.349
18384 146.396
18392 146.443
18400 146.491
18408 146.541
18416 146.591
18424 146.641
18432 146.693
18440 146.746
18448 146.799
18456 146.854
18464 146.909
18472 146.965
18480 147.022
18488 147.079
18496 147.138
18504 147.198
18512 147.258
18520 147.319
18528 147.381
18536 147.444
18544 147.508
18552 147.573
18560 147.638
18568 147.705
18576 147.772
18584 147.841
18592 147.91
18600 147.98
18608 148.05
18616 148.122
18624 148.195
18632 148.268
18640 148.343
18648 148.418
18656 148.494
18664 148.571
18672 148.649
18680 148.728
18688 148.807
18696 148.888
18704 148.969
18712 149.052
18720 149.135
18728 149.219
18736 149.304
18744 149.39
18752 149.477
18760 149.564
18768 149.653
18776 149.742
18784 149.833
18792 149.924
18800 150.016
18808 150.109
18816 150.203
18824 150.298
18832 150.393
18840 150.49
18848 150.587
18856 150.686
18864 150.785
18872 150.885
18880 150.986
18888 151.088
18896 151.191
18904 151.295
18912 151.399
18920 151.505
18928 151.611
18936 151.719
18944 151.827
18952 151.936
18960 152.046
18968 152.157
18976 152.269
18984 152.382
18992 152.495
19000 152.61
19008 152.725
19016 152.842
19024 152.959
19032 153.077
19040 153.196
19048 153.316
19056 153.437
19064 153.559
19072 153.681
19080 153.805
19088 153.929
19096 154.055
19104 154.181
19112 154.308
19120 154.436
19128 154.565
19136 154.695
19144 154.826
19152 154.957
19160 155.09
19168 155.224
19176 155.358
19184 155.493
19192 155.629
19200 155.766
19208 155.904
19216 156.043
19224 156.183
19232 156.324
19240 156.465
19248 156.608
19256 156.751
19264 156.896
19272 157.041
19280 157.187
19288 157.334
19296 157.482
19304 157.631
19312 157.78
19320 157.931
19328 158.082
19336 158.235
19344 158.388
19352 158.542
19360 158.697
19368 158.853
19376 159.01
19384 159.168
19392 159.327
19400 159.486
19408 159.647
19416 159.808
19424 159.97
19432 160.133
19440 160.297
19448 160.462
19456 160.628
19464 160.795
19472 160.962
19480 161.131
19488 161.3
19496 161.47
19504 161.642
19512 161.814
19520 161.986
19528 162.16
19536 162.335
19544 162.51
19552 162.687
19560 162.864
19568 163.042
19576 163.222
19584 163.401
19592 163.582
19600 163.764
19608 163.947
19616 164.13
19624 164.315
19632 164.5
19640 164.686
19648 164.873
19656 165.061
19664 165.249
19672 165.439
19680 165.63
19688 165.821
19696 166.013
19704 166.206
19712 166.4
19720 166.595
19728 166.791
19736 166.987
19744 167.185
19752 167.383
19760 167.582
19768 167.782
19776 167.983
19784 168.184
19792 168.387
19800 168.59
19808 168.795
19816 169
19824 169.206
19832 169.413
19840 169.62
19848 169.829
19856 170.038
19864 170.248
19872 170.459
19880 170.671
19888 170.884
19896 171.098
19904 171.312
19912 171.527
19920 171.743
19928 171.96
19936 172.178
19944 172.397
19952 172.616
19960 172.836
19968 173.057
19976 173.279
19984 173.502
19992 173.726
20000 173.95
20008 174.175
20016 174.401
20024 174.628
20032 174.856
20040 175.084
20048 175.314
20056 175.544
20064 175.775
20072 176.006
20080 176.239
20088 176.472
20096 176.706
20104 176.941
20112 177.177
20120 177.414
20128 177.651
20136 177.889
20144 178.128
20152 178.368
20160 178.608
20168 178.85
20176 179.092
20184 179.335
20192 179.578
20200 179.823
20208 180.068
20216 180.314
20224 180.561
20232 180.808
20240 181.057
20248 181.306
20256 181.556
20264 181.806
20272 182.058
20280 182.31
20288 182.563
20296 182.816
20304 183.071
20312 183.326
20320 183.582
20328 183.839
20336 184.096
20344 184.354
20352 184.613
20360 184.873
20368 185.133
20376 185.395
20384 185.656
20392 185.919
20400 186.182
20408 186.447
20416 186.711
20424 186.977
20432 187.243
20440 187.51
20448 187.778
20456 188.046
20464 188.315
20472 188.585
20480 188.856
20488 189.127
20496 189.399
20504 189.672
20512 189.945
20520 190.219
20528 190.494
20536 190.77
20544 191.046
20552 191.323
20560 191.6
20568 191.878
20576 192.157
20584 192.437
20592 192.717
20600 192.998
20608 193.28
20616 193.562
20624 193.845
20632 194.128
20640 194.413
20648 194.698
20656 194.983
20664 195.269
20672 195.556
20680 195.844
20688 196.132
20696 196.421
20704 196.71
20712 197
20720 197.291
20728 197.582
20736 197.874
20744 198.167
20752 198.46
20760 198.754
20768 199.049
20776 199.344
20784 199.639
20792 199.936
20800 200.233
20808 200.53
20816 200.828
20824 201.127
20832 201.426
20840 201.726
20848 202.027
20856 202.328
20864 202.629
20872 202.932
20880 203.235
20888 203.538
20896 203.842
20904 204.146
20912 204.452
20920 204.757
20928 205.063
20936 205.37
20944 205.678
20952 205.985
20960 206.294
20968 206.603
20976 206.912
20984 207.222
20992 207.533
21000 207.844
21008 208.156
21016 208.468
21024 208.781
21032 209.094
21040 209.407
21048 209.722
21056 210.036
21064 210.352
21072 210.667
21080 210.984
21088 211.3
21096 211.618
21104 211.935
21112 212.254
21120 212.572
21128 212.891
21136 213.211
21144 213.531
21152 213.852
21160 214.173
21168 214.494
21176 214.816
21184 215.139
21192 215.461
21200 215.785
21208 216.108
21216 216.433
21224 216.757
21232 217.082
21240 217.408
21248 217.734
21256 218.06
21264 218.387
21272 218.714
21280 219.041
21288 219.369
21296 219.698
21304 220.026
21312 220.356
21320 220.685
21328 221.015
21336 221.345
21344 221.676
21352 222.007
21360 222.339
21368 222.671
21376 223.003
21384 223.335
21392 223.668
21400 224.001
21408 224.335
21416 224.669
21424 225.003
21432 225.338
21440 225.673
21448 226.008
21456 226.344
21464 226.68
21472 227.016
21480 227.353
21488 227.69
21496 228.027
21504 228.364
21512 228.702
21520 229.04
21528 229.378
21536 229.717
21544 230.056
21552 230.395
21560 230.735
21568 231.075
21576 231.415
21584 231.755
21592 232.095
21600 232.436
21608 232.777
21616 233.118
21624 233.46
21632 233.802
21640 234.144
21648 234.486
21656 234.828
21664 235.171
21672 235.514
21680 235.857
21688 236.2
21696 236.544
21704 236.888
21712 237.231
21720 237.575
21728 237.92
21736 238.264
21744 238.609
21752 238.954
21760 239.298
21768 239.644
21776 239.989
21784 240.334
21792 240.68
21800 241.025
21808 241.371
21816 241.717
21824 242.063
21832 242.41
21840 242.756
21848 243.102
21856 243.449
21864 243.796
21872 244.142
21880 244.489
21888 244.836
21896 245.183
21904 245.531
21912 245.878
21920 246.225
21928 246.572
21936 246.92
21944 247.267
21952 247.615
21960 247.962
21968 248.31
21976 248.658
21984 249.006
21992 249.353
22000 249.701
22008 250.049
22016 250.397
22024 250.745
22032 251.092
22040 251.44
22048 251.788
22056 252.136
22064 252.484
22072 252.832
22080 253.179
22088 253.527
22096 253.875
22104 254.222
22112 254.57
22120 254.918
22128 255.265
22136 255.613
22144 255.96
22152 256.308
22160 256.655
22168 257.002
22176 257.349
22184 257.696
22192 258.043
22200 258.39
22208 258.737
22216 259.083
22224 259.43
22232 259.776
22240 260.123
22248 260.469
22256 260.815
22264 261.161
22272 261.507
22280 261.852
22288 262.198
22296 262.543
22304 262.888
22312 263.233
22320 263.578
22328 263.922
22336 264.267
22344 264.611
22352 264.955
22360 265.299
22368 265.643
22376 265.986
22384 266.329
22392 266.672
22400 267.015
22408 267.357
22416 267.7
22424 268.042
22432 268.384
22440 268.725
22448 269.066
22456 269.407
22464 269.748
22472 270.089
22480 270.429
22488 270.769
22496 271.108
22504 271.448
22512 271.787
22520 272.125
22528 272.464
22536 272.802
22544 273.14
22552 273.477
22560 273.814
22568 274.151
22576 274.487
22584 274.823
22592 275.159
22600 275.494
22608 275.829
22616 276.164
22624 276.498
22632 276.832
22640 277.165
22648 277.498
22656 277.831
22664 278.163
22672 278.495
22680 278.826
22688 279.157
22696 279.488
22704 279.818
22712 280.147
22720 280.477
22728 280.805
22736 281.134
22744 281.461
22752 281.789
22760 282.116
22768 282.442
22776 282.768
22784 283.093
22792 283.418
22800 283.743
22808 284.066
22816 284.39
22824 284.713
22832 285.035
22840 285.357
22848 285.678
22856 285.999
22864 286.319
22872 286.638
22880 286.957
22888 287.276
22896 287.594
22904 287.911
22912 288.228
22920 288.544
22928 288.859
22936 289.174
22944 289.489
22952 289.802
22960 290.115
22968 290.428
22976 290.74
22984 291.051
22992 291.361
23000 291.671
23008 291.98
23016 292.289
23024 292.597
23032 292.904
23040 293.21
23048 293.516
23056 293.821
23064 294.126
23072 294.43
23080 294.733
23088 295.035
23096 295.336
23104 295.637
23112 295.937
23120 296.237
23128 296.535
23136 296.833
23144 297.13
23152 297.427
23160 297.722
23168 298.017
23176 298.311
23184 298.604
23192 298.897
23200 299.188
23208 299.479
23216 299.769
23224 300.058
23232 300.346
23240 300.634
23248 300.921
23256 301.206
23264 301.491
23272 301.775
23280 302.059
23288 302.341
23296 302.623
23304 302.903
23312 303.183
23320 303.462
23328 303.74
23336 304.017
23344 304.293
23352 304.568
23360 304.842
23368 305.116
23376 305.388
23384 305.659
23392 305.93
23400 306.199
23408 306.468
23416 306.736
23424 307.002
23432 307.268
23440 307.532
23448 307.796
23456 308.059
23464 308.32
23472 308.581
23480 308.841
23488 309.099
23496 309.357
23504 309.613
23512 309.869
23520 310.123
23528 310.377
23536 310.629
23544 310.88
23552 311.13
23560 311.379
23568 311.627
23576 311.874
23584 312.12
23592 312.365
23600 312.608
23608 312.851
23616 313.092
23624 313.332
23632 313.571
23640 313.809
23648 314.046
23656 314.282
23664 314.516
23672 314.749
23680 314.981
23688 315.212
23696 315.442
23704 315.671
23712 315.898
23720 316.124
23728 316.349
23736 316.573
23744 316.795
23752 317.016
23760 317.236
23768 317.455
23776 317.672
23784 317.889
23792 318.104
23800 318.317
23808 318.53
23816 318.741
23824 318.951
23832 319.159
23840 319.366
23848 319.572
23856 319.777
23864 319.98
23872 320.182
23880 320.383
23888 320.582
23896 320.78
23904 320.977
23912 321.172
23920 321.366
23928 321.558
23936 321.749
23944 321.939
23952 322.127
23960 322.314
23968 322.5
23976 322.684
23984 322.866
23992 323.048
24000 323.228
24008 323.406
24016 323.583
24024 323.758
24032 323.932
24040 324.105
24048 324.276
24056 324.446
24064 324.614
24072 324.781
24080 324.946
24088 325.11
24096 325.272
24104 325.432
24112 325.592
24120 325.749
24128 325.905
24136 326.06
24144 326.213
24152 326.364
24160 326.514
24168 326.663
24176 326.81
24184 326.955
24192 327.098
24200 327.24
24208 327.381
24216 327.52
24224 327.657
24232 327.793
24240 327.927
24248 328.059
24256 328.19
24264 328.319
24272 328.446
24280 328.572
24288 328.696
24296 328.819
24304 328.94
24312 329.059
24320 329.177
24328 329.292
24336 329.406
24344 329.519
24352 329.63
24360 329.739
24368 329.846
24376 329.951
24384 330.055
24392 330.157
24400 330.258
24408 330.356
24416 330.453
24424 330.548
24432 330.642
24440 330.733
24448 330.823
24456 330.911
24464 330.997
24472 331.082
24480 331.164
24488 331.245
24496 331.324
24504 331.401
24512 331.476
24520 331.55
24528 331.621
24536 331.691
24544 331.759
24552 331.825
24560 331.89
24568 331.952
24576 332.012
24584 332.071
24592 332.128
24600 332.182
24608 332.235
24616 332.286
24624 332.335
24632 332.383
24640 332.428
24648 332.471
24656 332.513
24664 332.552
24672 332.59
24680 332.625
24688 332.659
24696 332.69
24704 332.72
24712 332.748
24720 332.773
24728 332.797
24736 332.819
24744 332.838
24752 332.856
24760 332.872
24768 332.885
24776 332.897
24784 332.907
24792 332.914
24800 332.92
24808 332.923
24816 332.925
24824 332.924
24832 332.921
24840 332.917
24848 332.91
24856 332.901
24864 332.89
24872 332.877
24880 332.862
24888 332.844
24896 332.825
24904 332.804
24912 332.78
24920 332.754
24928 332.726
24936 332.696
24944 332.664
24952 332.63
24960 332.593
24968 332.555
24976 332.514
24984 332.471
24992 332.426
25000 332.378
25008 332.329
25016 332.277
25024 332.223
25032 332.167
25040 332.109
25048 332.048
25056 331.985
25064 331.92
25072 331.853
25080 331.784
25088 331.712
25096 331.638
25104 331.562
25112 331.483
25120 331.403
25128 331.32
25136 331.234
25144 331.147
25152 331.057
25160 330.965
25168 330.87
25176 330.774
25184 330.675
25192 330.573
25200 330.47
25208 330.364
25216 330.256
25224 330.145
25232 330.032
25240 329.917
25248 329.799
25256 329.679
25264 329.557
25272 329.432
25280 329.305
25288 329.176
25296 329.044
25304 328.91
25312 328.773
25320 328.634
25328 328.493
25336 328.349
25344 328.203
25352 328.054
25360 327.903
25368 327.75
25376 327.594
25384 327.436
25392 327.275
25400 327.112
25408 326.946
25416 326.778
25424 326.608
25432 326.435
25440 326.259
25448 326.081
25456 325.901
25464 325.718
25472 325.533
25480 325.345
25488 325.155
25496 324.962
25504 324.767
25512 324.569
25520 324.369
25528 324.166
25536 323.961
25544 323.753
25552 323.543
25560 323.33
25568 323.114
25576 322.896
25584 322.676
25592 322.453
25600 322.227
25608 321.999
25616 321.769
25624 321.535
25632 321.299
25640 321.061
25648 320.82
25656 320.577
25664 320.33
25672 320.082
25680 319.83
25688 319.576
25696 319.32
25704 319.061
25712 318.799
25720 318.535
25728 318.268
25736 317.998
25744 317.726
25752 317.451
25760 317.174
25768 316.894
25776 316.611
25784 316.326
25792 316.038
25800 315.747
25808 315.454
25816 315.158
25824 314.859
25832 314.558
25840 314.254
25848 313.947
25856 313.638
25864 313.326
25872 313.011
25880 312.694
25888 312.374
25896 312.051
25904 311.726
25912 311.398
25920 311.067
25928 310.733
25936 310.397
25944 310.058
25952 309.717
25960 309.372
25968 309.025
25976 308.675
25984 308.323
25992 307.967
26000 307.609
26008 307.249
26016 306.885
26024 306.519
26032 306.15
26040 305.778
26048 305.404
26056 305.027
26064 304.647
26072 304.264
26080 303.878
26088 303.49
26096 303.099
26104 302.705
26112 302.309
26120 301.909
26128 301.507
26136 301.102
26144 300.695
26152 300.284
26160 299.871
26168 299.455
26176 299.036
26184 298.614
26192 298.19
26200 297.763
26208 297.333
26216 296.9
26224 296.464
26232 296.026
26240 295.585
26248 295.141
26256 294.694
26264 294.244
26272 293.791
26280 293.336
26288 292.878
26296 292.417
26304 291.953
26312 291.487
26320 291.017
26328 290.545
26336 290.07
26344 289.592
26352 289.111
26360 288.627
26368 288.141
26376 287.651
26384 287.159
26392 286.664
26400 286.166
26408 285.666
26416 285.162
26424 284.656
26432 284.147
26440 283.634
26448 283.119
26456 282.602
26464 282.081
26472 281.557
26480 281.031
26488 280.502
26496 279.97
26504 279.435
26512 278.897
26520 278.356
26528 277.813
26536 277.266
26544 276.717
26552 276.165
26560 275.61
26568 275.052
26576 274.491
26584 273.927
26592 273.361
26600 272.792
26608 272.219
26616 271.644
26624 271.066
26632 270.485
26640 269.902
26648 269.315
26656 268.726
26664 268.133
26672 267.538
26680 266.94
26688 266.339
26696 265.735
26704 265.128
26712 264.519
26720 263.906
26728 263.291
26736 262.673
26744 262.052
26752 261.428
26760 260.801
26768 260.171
26776 259.539
26784 258.903
26792 258.265
26800 257.624
26808 256.98
26816 256.333
26824 255.683
26832 255.03
26840 254.375
26848 253.716
26856 253.055
26864 252.391
26872 251.724
26880 251.054
26888 250.381
26896 249.705
26904 249.027
26912 248.346
26920 247.662
26928 246.974
26936 246.285
26944 245.592
26952 244.896
26960 244.198
26968 243.496
26976 242.792
26984 242.085
26992 241.375
27000 240.663
27008 239.947
27016 239.229
27024 238.508
27032 237.784
27040 237.057
27048 236.327
27056 235.594
27064 234.859
27072 234.121
27080 233.38
27088 232.636
27096 231.889
27104 231.14
27112 230.387
27120 229.632
27128 228.874
27136 228.113
27144 227.35
27152 226.583
27160 225.814
27168 225.042
27176 224.267
27184 223.49
27192 222.709
27200 221.926
27208 221.14
27216 220.351
27224 219.56
27232 218.766
27240 217.969
27248 217.169
27256 216.366
27264 215.561
27272 214.753
27280 213.942
27288 213.128
27296 212.312
27304 211.492
27312 210.67
27320 209.846
27328 209.018
27336 208.188
27344 207.356
27352 206.52
27360 205.682
27368 204.841
27376 203.997
27384 203.15
27392 202.301
27400 201.449
27408 200.595
27416 199.738
27424 198.878
27432 198.015
27440 197.15
27448 196.282
27456 195.411
27464 194.538
27472 193.662
27480 192.783
27488 191.902
27496 191.018
27504 190.132
27512 189.242
27520 188.351
27528 187.456
27536 186.559
27544 185.659
27552 184.757
27560 183.852
27568 182.945
27576 182.034
27584 181.122
27592 180.206
27600 179.289
27608 178.368
27616 177.445
27624 176.52
27632 175.591
27640 174.661
27648 173.728
27656 172.792
27664 171.853
27672 170.913
27680 169.969
27688 169.023
27696 168.075
27704 167.124
27712 166.171
27720 165.215
27728 164.257
27736 163.296
27744 162.333
27752 161.367
27760 160.399
27768 159.428
27776 158.455
27784 157.48
27792 156.502
27800 155.521
27808 154.539
27816 153.553
27824 152.566
27832 151.576
27840 150.584
27848 149.589
27856 148.592
27864 147.592
27872 146.591
27880 145.587
27888 144.58
27896 143.571
27904 142.56
27912 141.547
27920 140.531
27928 139.513
27936 138.493
27944 137.47
27952 136.445
27960 135.418
27968 134.389
27976 133.357
27984 132.324
27992 131.288
28000 130.249
28008 129.209
28016 128.166
28024 127.121
28032 126.074
28040 125.025
28048 123.974
28056 122.92
28064 121.864
28072 120.807
28080 119.747
28088 118.685
28096 117.621
28104 116.554
28112 115.486
28120 114.416
28128 113.343
28136 112.269
28144 111.192
28152 110.114
28160 109.033
28168 107.95
28176 106.866
28184 105.779
28192 104.691
28200 103.6
28208 102.508
28216 101.413
28224 100.317
28232 99.2184
28240 98.1181
28248 97.016
28256 95.9119
28264 94.806
28272 93.6982
28280 92.5886
28288 91.4771
28296 90.3638
28304 89.2486
28312 88.1317
28320 87.0129
28328 85.8924
28336 84.7701
28344 83.646
28352 82.5201
28360 81.3926
28368 80.2633
28376 79.1323
28384 77.9996
28392 76.8652
28400 75.7291
28408 74.5914
28416 73.452
28424 72.3109
28432 71.1683
28440 70.024
28448 68.8782
28456 67.7308
28464 66.5817
28472 65.4312
28480 64.2791
28488 63.1254
28496 61.9703
28504 60.8136
28512 59.6555
28520 58.4959
28528 57.3348
28536 56.1723
28544 55.0083
28552 53.8429
28560 52.6761
28568 51.508
28576 50.3384
28584 49.1675
28592 47.9953
28600 46.8217
28608 45.6468
28616 44.4706
28624 43.2932
28632 42.1144
28640 40.9344
28648 39.7532
28656 38.5707
28664 37.3871
28672 36.2022
28680 35.0162
28688 33.829
28696 32.6407
28704 31.4512
28712 30.2606
28720 29.0689
28728 27.8762
28736 26.6824
28744 25.4875
28752 24.2916
28760 23.0947
28768 21.8968
28776 20.6979
28784 19.4981
28792 18.2973
28800 17.0955
28808 15.8929
28816 14.6894
28824 13.485
28832 12.2797
28840 11.0736
28848 9.86665
28856 8.65891
28864 7.45038
28872 6.24108
28880 5.03103
28888 3.82024
28896 2.60874
28904 1.39654
28912 0.183659
28920 -1.02988
28928 -2.24406
28936 -3.45887
28944 -4.67428
28952 -5.89027
28960 -7.10683
28968 -8.32394
28976 -9.54158
28984 -10.7597
28992 -11.9784
29000 -13.1975
29008 -14.417
29016 -15.637
29024 -16.8574
29032 -18.0782
29040 -19.2993
29048 -20.5208
29056 -21.7427
29064 -22.9648
29072 -24.1873
29080 -25.41
29088 -26.6329
29096 -27.8561
29104 -29.0795
29112 -30.303
29120 -31.5268
29128 -32.7506
29136 -33.9746
29144 -35.1987
29152 -36.4229
29160 -37.6472
29168 -38.8714
29176 -40.0957
29184 -41.32
29192 -42.5442
29200 -43.7684
29208 -44.9925
29216 -46.2166
29224 -47.4405
29232 -48.6642
29240 -49.8878
29248 -51.1112
29256 -52.3344
29264 -53.5574
29272 -54.7801
29280 -56.0025
29288 -57.2246
29296 -58.4464
29304 -59.6679
29312 -60.889
29320 -62.1096
29328 -63.3299
29336 -64.5497
29344 -65.769
29352 -66.9879
29360 -68.2062
29368 -69.424
29376 -70.6412
29384 -71.8579
29392 -73.0739
29400 -74.2892
29408 -75.5039
29416 -76.718
29424 -77.9313
29432 -79.1438
29440 -80.3556
29448 -81.5666
29456 -82.7768
29464 -83.9861
29472 -85.1946
29480 -86.4021
29488 -87.6088
29496 -88.8145
29504 -90.0192
29512 -91.2229
29520 -92.4256
29528 -93.6272
29536 -94.8278
29544 -96.0272
29552 -97.2255
29560 -98.4227
29568 -99.6186
29576 -100.813
29584 -102.007
29592 -103.199
29600 -104.39
29608 -105.58
29616 -106.768
29624 -107.955
29632 -109.14
29640 -110.324
29648 -111.507
29656 -112.688
29664 -113.867
29672 -115.045
29680 -116.221
29688 -117.396
29696 -118.569
29704 -119.741
29712 -120.91
29720 -122.078
29728 -123.245
29736 -124.409
29744 -125.572
29752 -126.732
29760 -127.891
29768 -129.048
29776 -130.203
29784 -131.356
29792 -132.507
29800 -133.656
29808 -134.803
29816 -135.948
29824 -137.091
29832 -138.231
29840 -139.37
29848 -140.506
29856 -141.64
29864 -142.771
29872 -143.901
29880 -145.028
29888 -146.152
29896 -147.274
29904 -148.394
29912 -149.511
29920 -150.626
29928 -151.738
29936 -152.848
29944 -153.955
29952 -155.059
29960 -156.16
29968 -157.259
29976 -158.355
29984 -159.449
29992 -160.539
30000 -161.627
30008 -162.712
30016 -163.794
30024 -164.873
30032 -165.949
30040 -167.022
30048 -168.091
30056 -169.158
30064 -170.222
30072 -171.282
30080 -172.34
30088 -173.394
30096 -174.445
30104 -175.492
30112 -176.536
30120 -177.577
30128 -178.614
30136 -179.648
30144 -180.679
30152 -181.705
30160 -182.729
30168 -183.748
30176 -184.764
30184 -185.777
30192 -186.786
30200 -187.791
30208 -188.792
30216 -189.789
30224 -190.782
30232 -191.772
30240 -192.758
30248 -193.739
30256 -194.717
30264 -195.691
30272 -196.66
30280 -197.625
30288 -198.587
30296 -199.544
30304 -200.496
30312 -201.445
30320 -202.389
30328 -203.328
30336 -204.264
30344 -205.195
30352 -206.121
30360 -207.043
30368 -207.96
30376 -208.873
30384 -209.781
30392 -210.684
30400 -211.583
30408 -212.476
30416 -213.365
30424 -214.25
30432 -215.129
30440 -216.003
30448 -216.872
30456 -217.736
30464 -218.596
30472 -219.45
30480 -220.299
30488 -221.142
30496 -221.981
30504 -222.814
30512 -223.642
30520 -224.464
30528 -225.281
30536 -226.093
30544 -226.899
30552 -227.699
30560 -228.494
30568 -229.284
30576 -230.067
30584 -230.845
30592 -231.617
30600 -232.383
30608 -233.144
30616 -233.898
30624 -234.647
30632 -235.39
30640 -236.126
30648 -236.856
30656 -237.581
30664 -238.299
30672 -239.011
30680 -239.716
30688 -240.415
30696 -241.108
30704 -241.795
30712 -242.475
30720 -243.148
30728 -243.815
30736 -244.475
30744 -245.129
30752 -245.776
30760 -246.416
30768 -247.05
30776 -247.676
30784 -248.296
30792 -248.908
30800 -249.514
30808 -250.113
30816 -250.704
30824 -251.289
30832 -251.866
30840 -252.436
30848 -252.998
30856 -253.554
30864 -254.102
30872 -254.642
30880 -255.175
30888 -255.7
30896 -256.218
30904 -256.728
30912 -257.231
30920 -257.725
30928 -258.212
30936 -258.691
30944 -259.162
30952 -259.625
30960 -260.08
30968 -260.527
30976 -260.966
30984 -261.397
30992 -261.82
31000 -262.234
31008 -262.64
31016 -263.037
31024 -263.426
31032 -263.807
31040 -264.179
31048 -264.542
31056 -264.897
31064 -265.243
31072 -265.58
31080 -265.908
31088 -266.228
31096 -266.538
31104 -266.84
31112 -267.132
31120 -267.416
31128 -267.69
31136 -267.955
31144 -268.211
31152 -268.457
31160 -268.694
31168 -268.922
31176 -269.14
31184 -269.348
31192 -269.547
31200 -269.736
31208 -269.916
31216 -270.085
31224 -270.245
31232 -270.395
31240 -270.535
31248 -270.665
31256 -270.784
31264 -270.894
31272 -270.993
31280 -271.083
31288 -271.161
31296 -271.23
31304 -271.288
31312 -271.335
31320 -271.372
31328 -271.398
31336 -271.414
31344 -271.419
31352 -271.413
31360 -271.396
31368 -271.368
31376 -271.329
31384 -271.279
31392 -271.218
31400 -271.146
31408 -271.063
31416 -270.968
31424 -270.862
31432 -270.744
31440 -270.615
31448 -270.475
31456 -270.322
31464 -270.158
31472 -269.983
31480 -269.795
31488 -269.595
31496 -269.384
31504 -269.161
31512 -268.925
31520 -268.677
31528 -268.417
31536 -268.145
31544 -267.861
31552 -267.564
31560 -267.254
31568 -266.932
31576 -266.598
31584 -266.25
31592 -265.89
31600 -265.517
31608 -265.132
31616 -264.733
31624 -264.321
31632 -263.896
31640 -263.458
31648 -263.007
31656 -262.542
31664 -262.064
31672 -261.573
31680 -261.068
31688 -260.55
31696 -260.018
31704 -259.472
31712 -258.912
31720 -258.339
31728 -257.751
31736 -257.15
31744 -256.535
31752 -255.905
31760 -255.261
31768 -254.603
31776 -253.931
31784 -253.244
31792 -252.542
31800 -251.826
31808 -251.096
31816 -250.35
31824 -249.59
31832 -248.815
31840 -248.025
31848 -247.22
31856 -246.4
31864 -245.565
31872 -244.714
31880 -243.849
31888 -242.967
31896 -242.071
31904 -241.158
31912 -240.231
31920 -239.287
31928 -238.328
31936 -237.352
31944 -236.361
31952 -235.354
31960 -234.331
31968 -233.292
31976 -232.236
31984 -231.164
31992 -230.076
32000 -228.971
32008 -227.85
32016 -226.712
32024 -225.558
32032 -224.386
32040 -223.198
32048 -221.993
32056 -220.77
32064 -219.531
32072 -218.275
32080 -217.001
32088 -215.71
32096 -214.401
32104 -213.075
32112 -211.731
32120 -210.37
32128 -208.991
32136 -207.594
32144 -206.179
32152 -204.746
32160 -203.296
32168 -201.827
32176 -200.339
32184 -198.834
32192 -197.31
32200 -195.767
32208 -194.206
32216 -192.626
32224 -191.027
32232 -189.41
32240 -187.774
32248 -186.118
32256 -184.444
32264 -182.75
32272 -181.038
32280 -179.305
32288 -177.554
32296 -175.783
32304 -173.992
32312 -172.181
32320 -170.351
32328 -168.501
32336 -166.631
32344 -164.741
32352 -162.83
32360 -160.9
32368 -158.949
32376 -156.978
32384 -154.986
32392 -152.974
32400 -150.941
32408 -148.887
32416 -146.813
32424 -144.717
32432 -142.6
32440 -140.463
32448 -138.304
32456 -136.124
32464 -133.922
32472 -131.699
32480 -129.454
32488 -127.188
32496 -124.9
32504 -122.59
32512 -120.258
32520 -117.904
32528 -115.527
32536 -113.129
32544 -110.708
32552 -108.265
32560 -105.799
32568 -103.311
32576 -100.8
32584 -98.2663
32592 -95.7095
32600 -93.1298
32608 -90.527
32616 -87.9009
32624 -85.2516
32632 -82.5789
32640 -79.8828
32648 -77.163
32656 -74.4195
32664 -71.6523
32672 -68.8612
32680 -66.0462
32688 -63.207
32696 -60.3437
32704 -57.4561
32712 -54.5441
32720 -51.6077
32728 -48.6467
32736 -45.661
32744 -42.6506
32752 -39.6152
32760 -36.5549
32768 -33.4696
32776 -30.359
32784 -27.2232
32792 -24.0619
32800 -20.8752
32808 -17.6629
32816 -14.425
32824 -11.1612
32832 -7.8715
32840 -4.55582
32848 -1.21404
32856 2.15396
32864 5.54827
32872 8.969
32880 12.4163
32888 15.8901
32896 19.3908
32904 22.9182
32912 26.4727
32920 30.0541
32928 33.6628
32936 37.2987
32944 40.9619
32952 44.6527
32960 48.3711
32968 52.1171
32976 55.891
