0 213.059
8 212.899
16 212.74
24 212.581
32 212.422
40 212.263
48 212.104
56 211.946
64 211.787
72 211.629
80 211.471
88 211.314
96 211.156
104 210.999
112 210.842
120 210.685
128 210.528
136 210.372
144 210.215
152 210.059
160 209.903
168 209.747
176 209.592
184 209.436
192 209.281
200 209.126
208 208.972
216 208.817
224 208.663
232 208.508
240 208.354
248 208.201
256 208.047
264 207.894
272 207.74
280 207.587
288 207.434
296 207.282
304 207.129
312 206.977
320 206.825
328 206.673
336 206.521
344 206.37
352 206.219
360 206.068
368 205.917
376 205.766
384 205.615
392 205.465
400 205.315
408 205.165
416 205.015
424 204.866
432 204.716
440 204.567
448 204.418
456 204.269
464 204.121
472 203.972
480 203.824
488 203.676
496 203.528
504 203.38
512 203.233
520 203.086
528 202.938
536 202.792
544 202.645
552 202.498
560 202.352
568 202.206
576 202.06
584 201.914
592 201.768
600 201.623
608 201.478
616 201.333
624 201.188
632 201.043
640 200.899
648 200.755
656 200.61
664 200.467
672 200.323
680 200.179
688 200.036
696 199.893
704 199.75
712 199.607
720 199.465
728 199.322
736 199.18
744 199.038
752 198.896
760 198.754
768 198.613
776 198.472
784 198.331
792 198.19
800 198.049
808 197.908
816 197.768
824 197.628
832 197.488
840 197.348
848 197.209
856 197.069
864 196.93
872 196.791
880 196.652
888 196.513
896 196.375
904 196.237
912 196.098
920 195.961
928 195.823
936 195.685
944 195.548
952 195.411
960 195.274
968 195.137
976 195
984 194.864
992 194.727
1000 194.591
1008 194.455
1016 194.32
1024 194.184
1032 194.049
1040 193.914
1048 193.779
1056 193.644
1064 193.509
1072 193.375
1080 193.24
1088 193.106
1096 192.972
1104 192.839
1112 192.705
1120 192.572
1128 192.439
1136 192.306
1144 192.173
1152 192.04
1160 191.908
1168 191.775
1176 191.643
1184 191.511
1192 191.38
1200 191.248
1208 191.117
1216 190.986
1224 190.855
1232 190.724
1240 190.593
1248 190.463
1256 190.332
1264 190.202
1272 190.072
1280 189.943
1288 189.813
1296 189.684
1304 189.554
1312 189.425
1320 189.297
1328 189.168
1336 189.039
1344 188.911
1352 188.783
1360 188.655
1368 188.527
1376 188.4
1384 188.272
1392 188.145
1400 188.018
1408 187.891
1416 187.764
1424 187.638
1432 187.511
1440 187.385
1448 187.259
1456 187.133
1464 187.008
1472 186.882
1480 186.757
1488 186.632
1496 186.507
1504 186.382
1512 186.258
1520 186.133
1528 186.009
1536 185.885
1544 185.761
1552 185.637
1560 185.514
1568 185.391
1576 185.267
1584 185.144
1592 185.022
1600 184.899
1608 184.776
1616 184.654
1624 184.532
1632 184.41
1640 184.288
1648 184.167
1656 184.045
1664 183.924
1672 183.803
1680 183.682
1688 183.561
1696 183.441
1704 183.32
1712 183.2
1720 183.08
1728 182.96
1736 182.841
1744 182.721
1752 182.602
1760 182.483
1768 182.364
1776 182.245
1784 182.126
1792 182.008
1800 181.889
1808 181.771
1816 181.653
1824 181.536
1832 181.418
1840 181.301
1848 181.183
1856 181.066
1864 180.949
1872 180.833
1880 180.716
1888 180.6
1896 180.483
1904 180.367
1912 180.251
1920 180.136
1928 180.02
1936 179.905
1944 179.79
1952 179.675
1960 179.56
1968 179.445
1976 179.331
1984 179.216
1992 179.102
2000 178.988
2008 178.874
2016 178.761
2024 178.647
2032 178.534
2040 178.421
2048 178.308
2056 178.195
2064 178.082
2072 177.97
2080 177.857
2088 177.745
2096 177.633
2104 177.521
2112 177.41
2120 177.298
2128 177.187
2136 177.076
2144 176.965
2152 176.854
2160 176.743
2168 176.633
2176 176.523
2184 176.413
2192 176.303
2200 176.193
2208 176.083
2216 175.974
2224 175.864
2232 175.755
2240 175.646
2248 175.538
2256 175.429
2264 175.321
2272 175.212
2280 175.104
2288 174.996
2296 174.888
2304 174.781
2312 174.673
2320 174.566
2328 174.459
2336 174.352
2344 174.245
2352 174.139
2360 174.032
2368 173.926
2376 173.82
2384 173.714
2392 173.608
2400 173.502
2408 173.397
2416 173.291
2424 173.186
2432 173.081
2440 172.977
2448 172.872
2456 172.767
2464 172.663
2472 172.559
2480 172.455
2488 172.351
2496 172.247
2504 172.144
2512 172.041
2520 171.937
2528 171.834
2536 171.732
2544 171.629
2552 171.526
2560 171.424
2568 171.322
2576 171.22
2584 171.118
2592 171.016
2600 170.915
2608 170.813
2616 170.712
2624 170.611
2632 170.51
2640 170.409
2648 170.309
2656 170.208
2664 170.108
2672 170.008
2680 169.908
2688 169.808
2696 169.709
2704 169.609
2712 169.51
2720 169.411
2728 169.312
2736 169.213
2744 169.114
2752 169.016
2760 168.917
2768 168.819
2776 168.721
2784 168.623
2792 168.526
2800 168.428
2808 168.331
2816 168.234
2824 168.137
2832 168.04
2840 167.943
2848 167.846
2856 167.75
2864 167.654
2872 167.558
2880 167.462
2888 167.366
2896 167.27
2904 167.175
2912 167.08
2920 166.984
2928 166.889
2936 166.795
2944 166.7
2952 166.605
2960 166.511
2968 166.417
2976 166.323
2984 166.229
2992 166.135
3000 166.042
3008 165.948
3016 165.855
3024 165.762
3032 165.669
3040 165.576
3048 165.483
3056 165.391
3064 165.299
3072 165.206
3080 165.114
3088 165.022
3096 164.931
3104 164.839
3112 164.748
3120 164.657
3128 164.566
3136 164.475
3144 164.384
3152 164.293
3160 164.203
3168 164.112
3176 164.022
3184 163.932
3192 163.842
3200 163.753
3208 163.663
3216 163.574
3224 163.485
3232 163.396
3240 163.307
3248 163.218
3256 163.129
3264 163.041
3272 162.952
3280 162.864
3288 162.776
3296 162.688
3304 162.601
3312 162.513
3320 162.426
3328 162.339
3336 162.252
3344 162.165
3352 162.078
3360 161.991
3368 161.905
3376 161.818
3384 161.732
3392 161.646
3400 161.56
3408 161.475
3416 161.389
3424 161.304
3432 161.218
3440 161.133
3448 161.048
3456 160.963
3464 160.879
3472 160.794
3480 160.71
3488 160.626
3496 160.542
3504 160.458
3512 160.374
3520 160.29
3528 160.207
3536 160.124
3544 160.04
3552 159.957
3560 159.875
3568 159.792
3576 159.709
3584 159.627
3592 159.545
3600 159.462
3608 159.381
3616 159.299
3624 159.217
3632 159.135
3640 159.054
3648 158.973
3656 158.892
3664 158.811
3672 158.73
3680 158.649
3688 158.569
3696 158.489
3704 158.408
3712 158.328
3720 158.249
3728 158.169
3736 158.089
3744 158.01
3752 157.93
3760 157.851
3768 157.772
3776 157.693
3784 157.615
3792 157.536
3800 157.458
3808 157.379
3816 157.301
3824 157.223
3832 157.145
3840 157.068
3848 156.99
3856 156.913
3864 156.835
3872 156.758
3880 156.681
3888 156.605
3896 156.528
3904 156.451
3912 156.375
3920 156.299
3928 156.223
3936 156.147
3944 156.071
3952 155.995
3960 155.92
3968 155.844
3976 155.769
3984 155.694
3992 155.619
4000 155.544
4008 155.469
4016 155.395
4024 155.321
4032 155.246
4040 155.172
4048 155.098
4056 155.024
4064 154.951
4072 154.877
4080 154.804
4088 154.731
4096 154.658
4104 154.585
4112 154.512
4120 154.439
4128 154.367
4136 154.294
4144 154.222
4152 154.15
4160 154.078
4168 154.006
4176 153.934
4184 153.863
4192 153.791
4200 153.72
4208 153.649
4216 153.578
4224 153.507
4232 153.437
4240 153.366
4248 153.296
4256 153.225
4264 153.155
4272 153.085
4280 153.015
4288 152.946
4296 152.876
4304 152.807
4312 152.737
4320 152.668
4328 152.599
4336 152.53
4344 152.462
4352 152.393
4360 152.325
4368 152.256
4376 152.188
4384 152.12
4392 152.052
4400 151.984
4408 151.917
4416 151.849
4424 151.782
4432 151.715
4440 151.648
4448 151.581
4456 151.514
4464 151.447
4472 151.381
4480 151.314
4488 151.248
4496 151.182
4504 151.116
4512 151.05
4520 150.984
4528 150.919
4536 150.853
4544 150.788
4552 150.723
4560 150.658
4568 150.593
4576 150.528
4584 150.464
4592 150.399
4600 150.335
4608 150.271
4616 150.206
4624 150.143
4632 150.079
4640 150.015
4648 149.952
4656 149.888
4664 149.825
4672 149.762
4680 149.699
4688 149.636
4696 149.573
4704 149.511
4712 149.448
4720 149.386
4728 149.324
4736 149.262
4744 149.2
4752 149.138
4760 149.076
4768 149.015
4776 148.953
4784 148.892
4792 148.831
4800 148.77
4808 148.709
4816 148.648
4824 148.588
4832 148.527
4840 148.467
4848 148.407
4856 148.347
4864 148.287
4872 148.227
4880 148.167
4888 148.108
4896 148.048
4904 147.989
4912 147.93
4920 147.871
4928 147.812
4936 147.753
4944 147.695
4952 147.636
4960 147.578
4968 147.52
4976 147.461
4984 147.404
4992 147.346
5000 147.288
5008 147.23
5016 147.173
5024 147.116
5032 147.058
5040 147.001
5048 146.945
5056 146.888
5064 146.831
5072 146.775
5080 146.718
5088 146.662
5096 146.606
5104 146.55
5112 146.494
5120 146.438
5128 146.382
5136 146.327
5144 146.271
5152 146.216
5160 146.161
5168 146.106
5176 146.051
5184 145.997
5192 145.942
5200 145.887
5208 145.833
5216 145.779
5224 145.725
5232 145.671
5240 145.617
5248 145.563
5256 145.51
5264 145.456
5272 145.403
5280 145.35
5288 145.297
5296 145.244
5304 145.191
5312 145.138
5320 145.085
5328 145.033
5336 144.981
5344 144.928
5352 144.876
5360 144.824
5368 144.773
5376 144.721
5384 144.669
5392 144.618
5400 144.567
5408 144.515
5416 144.464
5424 144.413
5432 144.363
5440 144.312
5448 144.261
5456 144.211
5464 144.16
5472 144.11
5480 144.06
5488 144.01
5496 143.96
5504 143.911
5512 143.861
5520 143.812
5528 143.762
5536 143.713
5544 143.664
5552 143.615
5560 143.566
5568 143.517
5576 143.469
5584 143.42
5592 143.372
5600 143.324
5608 143.276
5616 143.228
5624 143.18
5632 143.132
5640 143.084
5648 143.037
5656 142.99
5664 142.942
5672 142.895
5680 142.848
5688 142.801
5696 142.754
5704 142.708
5712 142.661
5720 142.615
5728 142.569
5736 142.522
5744 142.476
5752 142.43
5760 142.385
5768 142.339
5776 142.293
5784 142.248
5792 142.202
5800 142.157
5808 142.112
5816 142.067
5824 142.022
5832 141.978
5840 141.933
5848 141.889
5856 141.844
5864 141.8
5872 141.756
5880 141.712
5888 141.668
5896 141.624
5904 141.58
5912 141.537
5920 141.493
5928 141.45
5936 141.407
5944 141.364
5952 141.321
5960 141.278
5968 141.235
5976 141.193
5984 141.15
5992 141.108
6000 141.066
6008 141.023
6016 140.981
6024 140.939
6032 140.898
6040 140.856
6048 140.814
6056 140.773
6064 140.732
6072 140.69
6080 140.649
6088 140.608
6096 140.567
6104 140.527
6112 140.486
6120 140.446
6128 140.405
6136 140.365
6144 140.325
6152 140.285
6160 140.245
6168 140.205
6176 140.165
6184 140.126
6192 140.086
6200 140.047
6208 140.008
6216 139.968
6224 139.929
6232 139.89
6240 139.852
6248 139.813
6256 139.774
6264 139.736
6272 139.698
6280 139.659
6288 139.621
6296 139.583
6304 139.545
6312 139.508
6320 139.47
6328 139.432
6336 139.395
6344 139.358
6352 139.32
6360 139.283
6368 139.246
6376 139.209
6384 139.173
6392 139.136
6400 139.099
6408 139.063
6416 139.027
6424 138.99
6432 138.954
6440 138.918
6448 138.882
6456 138.847
6464 138.811
6472 138.775
6480 138.74
6488 138.705
6496 138.67
6504 138.634
6512 138.599
6520 138.565
6528 138.53
6536 138.495
6544 138.461
6552 138.426
6560 138.392
6568 138.358
6576 138.323
6584 138.289
6592 138.256
6600 138.222
6608 138.188
6616 138.154
6624 138.121
6632 138.088
6640 138.054
6648 138.021
6656 137.988
6664 137.955
6672 137.923
6680 137.89
6688 137.857
6696 137.825
6704 137.792
6712 137.76
6720 137.728
6728 137.696
6736 137.664
6744 137.632
6752 137.6
6760 137.569
6768 137.537
6776 137.506
6784 137.474
6792 137.443
6800 137.412
6808 137.381
6816 137.35
6824 137.319
6832 137.289
6840 137.258
6848 137.228
6856 137.197
6864 137.167
6872 137.137
6880 137.107
6888 137.077
6896 137.047
6904 137.017
6912 136.988
6920 136.958
6928 136.929
6936 136.9
6944 136.87
6952 136.841
6960 136.812
6968 136.783
6976 136.755
6984 136.726
6992 136.697
7000 136.669
7008 136.641
7016 136.612
7024 136.584
7032 136.556
7040 136.528
7048 136.5
7056 136.472
7064 136.445
7072 136.417
7080 136.39
7088 136.363
7096 136.335
7104 136.308
7112 136.281
7120 136.254
7128 136.227
7136 136.201
7144 136.174
7152 136.147
7160 136.121
7168 136.095
7176 136.068
7184 136.042
7192 136.016
7200 135.99
7208 135.965
7216 135.939
7224 135.913
7232 135.888
7240 135.862
7248 135.837
7256 135.812
7264 135.787
7272 135.762
7280 135.737
7288 135.712
7296 135.687
7304 135.663
7312 135.638
7320 135.614
7328 135.589
7336 135.565
7344 135.541
7352 135.517
7360 135.493
7368 135.469
7376 135.446
7384 135.422
7392 135.398
7400 135.375
7408 135.352
7416 135.328
7424 135.305
7432 135.282
7440 135.259
7448 135.236
7456 135.214
7464 135.191
7472 135.169
7480 135.146
7488 135.124
7496 135.102
7504 135.079
7512 135.057
7520 135.035
7528 135.013
7536 134.992
7544 134.97
7552 134.948
7560 134.927
7568 134.906
7576 134.884
7584 134.863
7592 134.842
7600 134.821
7608 134.8
7616 134.779
7624 134.759
7632 134.738
7640 134.717
7648 134.697
7656 134.677
7664 134.656
7672 134.636
7680 134.616
7688 134.596
7696 134.576
7704 134.557
7712 134.537
7720 134.517
7728 134.498
7736 134.478
7744 134.459
7752 134.44
7760 134.421
7768 134.402
7776 134.383
7784 134.364
7792 134.345
7800 134.327
7808 134.308
7816 134.29
7824 134.271
7832 134.253
7840 134.235
7848 134.217
7856 134.199
7864 134.181
7872 134.163
7880 134.145
7888 134.128
7896 134.11
7904 134.093
7912 134.075
7920 134.058
7928 134.041
7936 134.024
7944 134.007
7952 133.99
7960 133.973
7968 133.956
7976 133.94
7984 133.923
7992 133.907
8000 133.89
8008 133.874
8016 133.858
8024 133.842
8032 133.826
8040 133.81
8048 133.794
8056 133.779
8064 133.763
8072 133.747
8080 133.732
8088 133.717
8096 133.701
8104 133.686
8112 133.671
8120 133.656
8128 133.641
8136 133.626
8144 133.611
8152 133.597
8160 133.582
8168 133.568
8176 133.553
8184 133.539
8192 133.525
8200 133.511
8208 133.497
8216 133.483
8224 133.469
8232 133.455
8240 133.441
8248 133.428
8256 133.414
8264 133.401
8272 133.387
8280 133.374
8288 133.361
8296 133.348
8304 133.335
8312 133.322
8320 133.309
8328 133.296
8336 133.284
8344 133.271
8352 133.259
8360 133.246
8368 133.234
8376 133.222
8384 133.21
8392 133.198
8400 133.186
8408 133.174
8416 133.162
8424 133.15
8432 133.139
8440 133.127
8448 133.116
8456 133.104
8464 133.093
8472 133.082
8480 133.071
8488 133.06
8496 133.049
8504 133.038
8512 133.027
8520 133.016
8528 133.006
8536 132.995
8544 132.985
8552 132.974
8560 132.964
8568 132.954
8576 132.944
8584 132.934
8592 132.924
8600 132.914
8608 132.904
8616 132.894
8624 132.885
8632 132.875
8640 132.866
8648 132.856
8656 132.847
8664 132.838
8672 132.829
8680 132.819
8688 132.811
8696 132.802
8704 132.793
8712 132.784
8720 132.775
8728 132.767
8736 132.758
8744 132.75
8752 132.742
8760 132.733
8768 132.725
8776 132.717
8784 132.709
8792 132.701
8800 132.693
8808 132.685
8816 132.678
8824 132.67
8832 132.663
8840 132.655
8848 132.648
8856 132.641
8864 132.633
8872 132.626
8880 132.619
8888 132.612
8896 132.605
8904 132.598
8912 132.592
8920 132.585
8928 132.578
8936 132.572
8944 132.565
8952 132.559
8960 132.553
8968 132.547
8976 132.54
8984 132.534
8992 132.528
9000 132.523
9008 132.517
9016 132.511
9024 132.505
9032 132.5
9040 132.494
9048 132.489
9056 132.483
9064 132.478
9072 132.473
9080 132.468
9088 132.463
9096 132.458
9104 132.453
9112 132.448
9120 132.443
9128 132.439
9136 132.434
9144 132.429
9152 132.425
9160 132.421
9168 132.416
9176 132.412
9184 132.408
9192 132.404
9200 132.4
9208 132.396
9216 132.392
9224 132.388
9232 132.385
9240 132.381
9248 132.377
9256 132.374
9264 132.371
9272 132.367
9280 132.364
9288 132.361
9296 132.358
9304 132.355
9312 132.352
9320 132.349
9328 132.346
9336 132.343
9344 132.34
9352 132.338
9360 132.335
9368 132.333
9376 132.33
9384 132.328
9392 132.326
9400 132.324
9408 132.322
9416 132.32
9424 132.318
9432 132.316
9440 132.314
9448 132.312
9456 132.311
9464 132.309
9472 132.307
9480 132.306
9488 132.305
9496 132.303
9504 132.302
9512 132.301
9520 132.3
9528 132.299
9536 132.298
9544 132.297
9552 132.296
9560 132.295
9568 132.294
9576 132.294
9584 132.293
9592 132.293
9600 132.292
9608 132.292
9616 132.292
9624 132.292
9632 132.291
9640 132.291
9648 132.291
9656 132.291
9664 132.292
9672 132.292
9680 132.292
9688 132.292
9696 132.293
9704 132.293
9712 132.294
9720 132.294
9728 132.295
9736 132.296
9744 132.297
9752 132.297
9760 132.298
9768 132.299
9776 132.3
9784 132.302
9792 132.303
9800 132.304
9808 132.305
9816 132.307
9824 132.308
9832 132.31
9840 132.311
9848 132.313
9856 132.315
9864 132.317
9872 132.319
9880 132.321
9888 132.323
9896 132.325
9904 132.327
9912 132.329
9920 132.331
9928 132.333
9936 132.336
9944 132.338
9952 132.341
9960 132.343
9968 132.346
9976 132.349
9984 132.352
9992 132.354
10000 132.357
10008 132.36
10016 132.363
10024 132.366
10032 132.37
10040 132.373
10048 132.376
10056 132.379
10064 132.383
10072 132.386
10080 132.39
10088 132.393
10096 132.397
10104 132.401
10112 132.405
10120 132.408
10128 132.412
10136 132.416
10144 132.42
10152 132.424
10160 132.429
10168 132.433
10176 132.437
10184 132.441
10192 132.446
10200 132.45
10208 132.455
10216 132.459
10224 132.464
10232 132.469
10240 132.474
10248 132.478
10256 132.483
10264 132.488
10272 132.493
10280 132.498
10288 132.503
10296 132.509
10304 132.514
10312 132.519
10320 132.525
10328 132.53
10336 132.535
10344 132.541
10352 132.547
10360 132.552
10368 132.558
10376 132.564
10384 132.57
10392 132.575
10400 132.581
10408 132.587
10416 132.594
10424 132.6
10432 132.606
10440 132.612
10448 132.618
10456 132.625
10464 132.631
10472 132.638
10480 132.644
10488 132.651
10496 132.657
10504 132.664
10512 132.671
10520 132.678
10528 132.685
10536 132.692
10544 132.699
10552 132.706
10560 132.713
10568 132.72
10576 132.727
10584 132.734
10592 132.742
10600 132.749
10608 132.757
10616 132.764
10624 132.772
10632 132.779
10640 132.787
10648 132.795
10656 132.802
10664 132.81
10672 132.818
10680 132.826
10688 132.834
10696 132.842
10704 132.85
10712 132.858
10720 132.866
10728 132.875
10736 132.883
10744 132.891
10752 132.9
10760 132.908
10768 132.917
10776 132.925
10784 132.934
10792 132.943
10800 132.951
10808 132.96
10816 132.969
10824 132.978
10832 132.987
10840 132.996
10848 133.005
10856 133.014
10864 133.023
10872 133.033
10880 133.042
10888 133.051
10896 133.061
10904 133.07
10912 133.079
10920 133.089
10928 133.099
10936 133.108
10944 133.118
10952 133.128
10960 133.137
10968 133.147
10976 133.157
10984 133.167
10992 133.177
11000 133.187
11008 133.197
11016 133.207
11024 133.218
11032 133.228
11040 133.238
11048 133.248
11056 133.259
11064 133.269
11072 133.28
11080 133.29
11088 133.301
11096 133.311
11104 133.322
11112 133.333
11120 133.344
11128 133.354
11136 133.365
11144 133.376
11152 133.387
11160 133.398
11168 133.409
11176 133.421
11184 133.432
11192 133.443
11200 133.454
11208 133.465
11216 133.477
11224 133.488
11232 133.5
11240 133.511
11248 133.523
11256 133.534
11264 133.546
11272 133.558
11280 133.569
11288 133.581
11296 133.593
11304 133.605
11312 133.617
11320 133.629
11328 133.641
11336 133.653
11344 133.665
11352 133.677
11360 133.689
11368 133.702
11376 133.714
11384 133.726
11392 133.739
11400 133.751
11408 133.764
11416 133.776
11424 133.789
11432 133.801
11440 133.814
11448 133.827
11456 133.839
11464 133.852
11472 133.865
11480 133.878
11488 133.891
11496 133.904
11504 133.917
11512 133.93
11520 133.943
11528 133.956
11536 133.969
11544 133.982
11552 133.996
11560 134.009
11568 134.022
11576 134.036
11584 134.049
11592 134.063
11600 134.076
11608 134.09
11616 134.103
11624 134.117
11632 134.131
11640 134.144
11648 134.158
11656 134.172
11664 134.186
11672 134.2
11680 134.214
11688 134.228
11696 134.242
11704 134.256
11712 134.27
11720 134.284
11728 134.298
11736 134.312
11744 134.327
11752 134.341
11760 134.355
11768 134.37
11776 134.384
11784 134.399
11792 134.413
11800 134.428
11808 134.442
11816 134.457
11824 134.472
11832 134.486
11840 134.501
11848 134.516
11856 134.531
11864 134.546
11872 134.56
11880 134.575
11888 134.59
11896 134.605
11904 134.62
11912 134.636
11920 134.651
11928 134.666
11936 134.681
11944 134.696
11952 134.712
11960 134.727
11968 134.742
11976 134.758
11984 134.773
11992 134.789
12000 134.804
12008 134.82
12016 134.835
12024 134.851
12032 134.867
12040 134.882
12048 134.898
12056 134.914
12064 134.93
12072 134.945
12080 134.961
12088 134.977
12096 134.993
12104 135.009
12112 135.025
12120 135.041
12128 135.057
12136 135.073
12144 135.09
12152 135.106
12160 135.122
12168 135.138
12176 135.155
12184 135.171
12192 135.187
12200 135.204
12208 135.22
12216 135.237
12224 135.253
12232 135.27
12240 135.286
12248 135.303
12256 135.32
12264 135.336
12272 135.353
12280 135.37
12288 135.387
12296 135.403
12304 135.42
12312 135.437
12320 135.454
12328 135.471
12336 135.488
12344 135.505
12352 135.522
12360 135.539
12368 135.556
12376 135.573
12384 135.59
12392 135.608
12400 135.625
12408 135.642
12416 135.659
12424 135.677
12432 135.694
12440 135.712
12448 135.729
12456 135.746
12464 135.764
12472 135.781
12480 135.799
12488 135.817
12496 135.834
12504 135.852
12512 135.87
12520 135.887
12528 135.905
12536 135.923
12544 135.941
12552 135.958
12560 135.976
12568 135.994
12576 136.012
12584 136.03
12592 136.048
12600 136.066
12608 136.084
12616 136.102
12624 136.12
12632 136.138
12640 136.156
12648 136.174
12656 136.193
12664 136.211
12672 136.229
12680 136.247
12688 136.266
12696 136.284
12704 136.302
12712 136.321
12720 136.339
12728 136.358
12736 136.376
12744 136.395
12752 136.413
12760 136.432
12768 136.45
12776 136.469
12784 136.488
12792 136.506
12800 136.525
12808 136.544
12816 136.563
12824 136.581
12832 136.6
12840 136.619
12848 136.638
12856 136.657
12864 136.676
12872 136.695
12880 136.713
12888 136.732
12896 136.751
12904 136.77
12912 136.79
12920 136.809
12928 136.828
12936 136.847
12944 136.866
12952 136.885
12960 136.904
12968 136.924
12976 136.943
12984 136.962
12992 136.981
13000 137.001
13008 137.02
13016 137.04
13024 137.059
13032 137.078
13040 137.098
13048 137.117
13056 137.137
13064 137.156
13072 137.176
13080 137.195
13088 137.215
13096 137.235
13104 137.254
13112 137.274
13120 137.293
13128 137.313
13136 137.333
13144 137.353
13152 137.372
13160 137.392
13168 137.412
13176 137.432
13184 137.452
13192 137.472
13200 137.491
13208 137.511
13216 137.531
13224 137.551
13232 137.571
13240 137.591
13248 137.611
13256 137.631
13264 137.651
13272 137.671
13280 137.691
13288 137.712
13296 137.732
13304 137.752
13312 137.772
13320 137.792
13328 137.812
13336 137.833
13344 137.853
13352 137.873
13360 137.893
13368 137.914
13376 137.934
13384 137.954
13392 137.975
13400 137.995
13408 138.016
13416 138.036
13424 138.056
13432 138.077
13440 138.097
13448 138.118
13456 138.138
13464 138.159
13472 138.179
13480 138.2
13488 138.221
13496 138.241
13504 138.262
13512 138.282
13520 138.303
13528 138.324
13536 138.344
13544 138.365
13552 138.386
13560 138.407
13568 138.427
13576 138.448
13584 138.469
13592 138.49
13600 138.511
13608 138.531
13616 138.552
13624 138.573
13632 138.594
13640 138.615
13648 138.636
13656 138.657
13664 138.678
13672 138.699
13680 138.72
13688 138.741
13696 138.762
13704 138.783
13712 138.804
13720 138.825
13728 138.846
13736 138.867
13744 138.888
13752 138.909
13760 138.93
13768 138.951
13776 138.972
13784 138.993
13792 139.015
13800 139.036
13808 139.057
13816 139.078
13824 139.099
13832 139.121
13840 139.142
13848 139.163
13856 139.184
13864 139.206
13872 139.227
13880 139.248
13888 139.27
13896 139.291
13904 139.312
13912 139.334
13920 139.355
13928 139.376
13936 139.398
13944 139.419
13952 139.441
13960 139.462
13968 139.483
13976 139.505
13984 139.526
13992 139.548
14000 139.569
14008 139.591
14016 139.612
14024 139.634
14032 139.655
14040 139.677
14048 139.698
14056 139.72
14064 139.741
14072 139.763
14080 139.785
14088 139.806
14096 139.828
14104 139.849
14112 139.871
14120 139.893
14128 139.914
14136 139.936
14144 139.958
14152 139.979
14160 140.001
14168 140.023
14176 140.044
14184 140.066
14192 140.088
14200 140.109
14208 140.131
14216 140.153
14224 140.174
14232 140.196
14240 140.218
14248 140.24
14256 140.261
14264 140.283
14272 140.305
14280 140.327
14288 140.349
14296 140.37
14304 140.392
14312 140.414
14320 140.436
14328 140.458
14336 140.479
14344 140.501
14352 140.523
14360 140.545
14368 140.567
14376 140.589
14384 140.611
14392 140.632
14400 140.654
14408 140.676
14416 140.698
14424 140.72
14432 140.742
14440 140.764
14448 140.786
14456 140.808
14464 140.829
14472 140.851
14480 140.873
14488 140.895
14496 140.917
14504 140.939
14512 140.961
14520 140.983
14528 141.005
14536 141.027
14544 141.049
14552 141.071
14560 141.093
14568 141.115
14576 141.137
14584 141.159
14592 141.18
14600 141.202
14608 141.224
14616 141.246
14624 141.268
14632 141.29
14640 141.312
14648 141.334
14656 141.356
14664 141.378
14672 141.4
14680 141.422
14688 141.444
14696 141.466
14704 141.488
14712 141.51
14720 141.532
14728 141.554
14736 141.576
14744 141.598
14752 141.62
14760 141.642
14768 141.664
14776 141.686
14784 141.708
14792 141.73
14800 141.752
14808 141.774
14816 141.796
14824 141.818
14832 141.84
14840 141.862
14848 141.884
14856 141.906
14864 141.928
14872 141.95
14880 141.972
14888 141.994
14896 142.016
14904 142.038
14912 142.06
14920 142.082
14928 142.104
14936 142.126
14944 142.148
14952 142.17
14960 142.192
14968 142.214
14976 142.236
14984 142.258
14992 142.28
15000 142.302
15008 142.324
15016 142.346
15024 142.368
15032 142.39
15040 142.412
15048 142.434
15056 142.456
15064 142.478
15072 142.499
15080 142.521
15088 142.543
15096 142.565
15104 142.587
15112 142.609
15120 142.631
15128 142.653
15136 142.675
15144 142.697
15152 142.719
15160 142.74
15168 142.762
15176 142.784
15184 142.806
15192 142.828
15200 142.85
15208 142.872
15216 142.894
15224 142.915
15232 142.937
15240 142.959
15248 142.981
15256 143.003
15264 143.025
15272 143.046
15280 143.068
15288 143.09
15296 143.112
15304 143.134
15312 143.155
15320 143.177
15328 143.199
15336 143.221
15344 143.242
15352 143.264
15360 143.286
15368 143.308
15376 143.329
15384 143.351
15392 143.373
15400 143.394
15408 143.416
15416 143.438
15424 143.459
15432 143.481
15440 143.503
15448 143.524
15456 143.546
15464 143.568
15472 143.589
15480 143.611
15488 143.632
15496 143.654
15504 143.676
15512 143.697
15520 143.719
15528 143.74
15536 143.762
15544 143.783
15552 143.805
15560 143.826
15568 143.848
15576 143.869
15584 143.891
15592 143.912
15600 143.934
15608 143.955
15616 143.977
15624 143.998
15632 144.02
15640 144.041
15648 144.062
15656 144.084
15664 144.105
15672 144.126
15680 144.148
15688 144.169
15696 144.191
15704 144.212
15712 144.233
15720 144.254
15728 144.276
15736 144.297
15744 144.318
15752 144.339
15760 144.361
15768 144.382
15776 144.403
15784 144.424
15792 144.445
15800 144.467
15808 144.488
15816 144.509
15824 144.53
15832 144.551
15840 144.572
15848 144.593
15856 144.614
15864 144.635
15872 144.656
15880 144.677
15888 144.698
15896 144.719
15904 144.74
15912 144.761
15920 144.782
15928 144.803
15936 144.824
15944 144.845
15952 144.866
15960 144.887
15968 144.908
15976 144.929
15984 144.949
15992 144.97
16000 144.991
16008 145.012
16016 145.032
16024 145.053
16032 145.074
16040 145.095
16048 145.115
16056 145.136
16064 145.157
16072 145.177
16080 145.198
16088 145.219
16096 145.239
16104 145.26
16112 145.28
16120 145.301
16128 145.321
16136 145.342
16144 145.362
16152 145.383
16160 145.403
16168 145.424
16176 145.444
16184 145.464
16192 145.485
16200 145.505
16208 145.526
16216 145.546
16224 145.566
16232 145.586
16240 145.607
16248 145.627
16256 145.647
16264 145.667
16272 145.688
16280 145.708
16288 145.728
16296 145.748
16304 145.768
16312 145.788
16320 145.808
16328 145.828
16336 145.848
16344 145.868
16352 145.888
16360 145.908
16368 145.928
16376 145.948
16384 145.968
16392 145.988
16400 146.008
16408 146.028
16416 146.047
16424 146.067
16432 146.087
16440 146.107
16448 146.126
16456 146.146
16464 146.166
16472 146.186
16480 146.205
16488 146.225
16496 146.244
16504 146.264
16512 146.284
16520 146.303
16528 146.323
16536 146.342
16544 146.361
16552 146.381
16560 146.4
16568 146.42
16576 146.439
16584 146.458
16592 146.478
16600 146.497
16608 146.516
16616 146.536
16624 146.555
16632 146.574
16640 146.593
16648 146.612
16656 146.631
16664 146.65
16672 146.67
16680 146.689
16688 146.708
16696 146.727
16704 146.746
16712 146.764
16720 146.783
16728 146.802
16736 146.821
16744 146.84
16752 146.859
16760 146.878
16768 146.896
16776 146.915
16784 146.934
16792 146.953
16800 146.971
16808 146.99
16816 147.008
16824 147.027
16832 147.046
16840 147.064
16848 147.083
16856 147.101
16864 147.119
16872 147.138
16880 147.156
16888 147.175
16896 147.193
16904 147.211
16912 147.23
16920 147.248
16928 147.266
16936 147.284
16944 147.302
16952 147.32
16960 147.339
16968 147.357
16976 147.375
16984 147.393
16992 147.411
17000 147.429
17008 147.447
17016 147.464
17024 147.482
17032 147.5
17040 147.518
17048 147.536
17056 147.554
17064 147.571
17072 147.589
17080 147.607
17088 147.624
17096 147.642
17104 147.659
17112 147.677
17120 147.694
17128 147.712
17136 147.729
17144 147.747
17152 147.764
17160 147.781
17168 147.799
17176 147.816
17184 147.833
17192 147.851
17200 147.868
17208 147.885
17216 147.902
17224 147.919
17232 147.936
17240 147.953
17248 147.97
17256 147.987
17264 148.004
17272 148.021
17280 148.038
17288 148.055
17296 148.072
17304 148.088
17312 148.105
17320 148.122
17328 148.138
17336 148.155
17344 148.172
17352 148.188
17360 148.205
17368 148.221
17376 148.238
17384 148.254
17392 148.27
17400 148.287
17408 148.303
17416 148.319
17424 148.336
17432 148.352
17440 148.368
17448 148.384
17456 148.4
17464 148.416
17472 148.432
17480 148.448
17488 148.464
17496 148.48
17504 148.496
17512 148.512
17520 148.528
17528 148.544
17536 148.56
17544 148.575
17552 148.591
17560 148.607
17568 148.622
17576 148.638
17584 148.653
17592 148.669
17600 148.684
17608 148.7
17616 148.715
17624 148.73
17632 148.746
17640 148.761
17648 148.776
17656 148.791
17664 148.807
17672 148.822
17680 148.837
17688 148.852
17696 148.867
17704 148.882
17712 148.897
17720 148.912
17728 148.926
17736 148.941
17744 148.956
17752 148.971
17760 148.985
17768 149
17776 149.015
17784 149.029
17792 149.044
17800 149.058
17808 149.073
17816 149.087
17824 149.102
17832 149.116
17840 149.13
17848 149.144
17856 149.159
17864 149.173
17872 149.187
17880 149.201
17888 149.215
17896 149.229
17904 149.243
17912 149.257
17920 149.271
17928 149.285
17936 149.298
17944 149.312
17952 149.326
17960 149.34
17968 149.353
17976 149.367
17984 149.38
17992 149.394
18000 149.407
18008 149.421
18016 149.434
18024 149.447
18032 149.461
18040 149.474
18048 149.487
18056 149.5
18064 149.513
18072 149.527
18080 149.54
18088 149.553
18096 149.565
18104 149.578
18112 149.591
18120 149.604
18128 149.617
18136 149.63
18144 149.642
18152 149.655
18160 149.667
18168 149.68
18176 149.692
18184 149.705
18192 149.717
18200 149.73
18208 149.742
18216 149.754
18224 149.767
18232 149.779
18240 149.791
18248 149.803
18256 149.815
18264 149.827
18272 149.839
18280 149.851
18288 149.863
18296 149.874
18304 149.886
18312 149.898
18320 149.91
18328 149.921
18336 149.933
18344 149.944
18352 149.956
18360 149.967
18368 149.979
18376 149.99
18384 150.001
18392 150.013
18400 150.024
18408 150.035
18416 150.046
18424 150.057
18432 150.068
18440 150.079
18448 150.09
18456 150.101
18464 150.112
18472 150.122
18480 150.133
18488 150.144
18496 150.154
18504 150.165
18512 150.175
18520 150.186
18528 150.196
18536 150.207
18544 150.217
18552 150.227
18560 150.237
18568 150.248
18576 150.258
18584 150.268
18592 150.278
18600 150.288
18608 150.298
18616 150.308
18624 150.317
18632 150.327
18640 150.337
18648 150.346
18656 150.356
18664 150.366
18672 150.375
18680 150.385
18688 150.394
18696 150.403
18704 150.413
18712 150.422
18720 150.431
18728 150.44
18736 150.449
18744 150.458
18752 150.467
18760 150.476
18768 150.485
18776 150.494
18784 150.503
18792 150.511
18800 150.52
18808 150.529
18816 150.537
18824 150.546
18832 150.554
18840 150.563
18848 150.571
18856 150.579
18864 150.588
18872 150.596
18880 150.604
18888 150.612
18896 150.62
18904 150.628
18912 150.636
18920 150.644
18928 150.652
18936 150.659
18944 150.667
18952 150.675
18960 150.682
18968 150.69
18976 150.697
18984 150.705
18992 150.712
19000 150.719
19008 150.726
19016 150.734
19024 150.741
19032 150.748
19040 150.755
19048 150.762
19056 150.769
19064 150.776
19072 150.782
19080 150.789
19088 150.796
19096 150.802
19104 150.809
19112 150.816
19120 150.822
19128 150.828
19136 150.835
19144 150.841
19152 150.847
19160 150.853
19168 150.859
19176 150.866
19184 150.872
19192 150.877
19200 150.883
19208 150.889
19216 150.895
19224 150.901
19232 150.906
19240 150.912
19248 150.917
19256 150.923
19264 150.928
19272 150.934
19280 150.939
19288 150.944
19296 150.949
19304 150.954
19312 150.959
19320 150.964
19328 150.969
19336 150.974
19344 150.979
19352 150.984
19360 150.988
19368 150.993
19376 150.997
19384 151.002
19392 151.006
19400 151.011
19408 151.015
19416 151.019
19424 151.024
19432 151.028
19440 151.032
19448 151.036
19456 151.04
19464 151.044
19472 151.047
19480 151.051
19488 151.055
19496 151.058
19504 151.062
19512 151.066
19520 151.069
19528 151.072
19536 151.076
19544 151.079
19552 151.082
19560 151.085
19568 151.088
19576 151.091
19584 151.094
19592 151.097
19600 151.1
19608 151.103
19616 151.105
19624 151.108
19632 151.111
19640 151.113
19648 151.115
19656 151.118
19664 151.12
19672 151.122
19680 151.125
19688 151.127
19696 151.129
19704 151.131
19712 151.133
19720 151.134
19728 151.136
19736 151.138
19744 151.139
19752 151.141
19760 151.143
19768 151.144
19776 151.145
19784 151.147
19792 151.148
19800 151.149
19808 151.15
19816 151.151
19824 151.152
19832 151.153
19840 151.154
19848 151.155
19856 151.156
19864 151.156
19872 151.157
19880 151.157
19888 151.158
19896 151.158
19904 151.158
19912 151.159
19920 151.159
19928 151.159
19936 151.159
19944 151.159
19952 151.159
19960 151.159
19968 151.158
19976 151.158
19984 151.158
19992 151.157
20000 151.157
20008 151.156
20016 151.155
20024 151.155
20032 151.154
20040 151.153
20048 151.152
20056 151.151
20064 151.15
20072 151.149
20080 151.148
20088 151.146
20096 151.145
20104 151.144
20112 151.142
20120 151.141
20128 151.139
20136 151.137
20144 151.135
20152 151.134
20160 151.132
20168 151.13
20176 151.128
20184 151.125
20192 151.123
20200 151.121
20208 151.119
20216 151.116
20224 151.114
20232 151.111
20240 151.108
20248 151.106
20256 151.103
20264 151.1
20272 151.097
20280 151.094
20288 151.091
20296 151.088
20304 151.085
20312 151.081
20320 151.078
20328 151.075
20336 151.071
20344 151.067
20352 151.064
20360 151.06
20368 151.056
20376 151.052
20384 151.048
20392 151.044
20400 151.04
20408 151.036
20416 151.032
20424 151.028
20432 151.023
20440 151.019
20448 151.014
20456 151.009
20464 151.005
20472 151
20480 150.995
20488 150.99
20496 150.985
20504 150.98
20512 150.975
20520 150.97
20528 150.964
20536 150.959
20544 150.953
20552 150.948
20560 150.942
20568 150.937
20576 150.931
20584 150.925
20592 150.919
20600 150.913
20608 150.907
20616 150.901
20624 150.895
20632 150.888
20640 150.882
20648 150.875
20656 150.869
20664 150.862
20672 150.855
20680 150.849
20688 150.842
20696 150.835
20704 150.828
20712 150.821
20720 150.814
20728 150.806
20736 150.799
20744 150.792
20752 150.784
20760 150.776
20768 150.769
20776 150.761
20784 150.753
20792 150.745
20800 150.737
20808 150.729
20816 150.721
20824 150.713
20832 150.705
20840 150.696
20848 150.688
20856 150.679
20864 150.671
20872 150.662
20880 150.653
20888 150.644
20896 150.636
20904 150.627
20912 150.617
20920 150.608
20928 150.599
20936 150.59
20944 150.58
20952 150.571
20960 150.561
20968 150.551
20976 150.542
20984 150.532
20992 150.522
21000 150.512
21008 150.502
21016 150.492
21024 150.481
21032 150.471
21040 150.461
21048 150.45
21056 150.44
21064 150.429
21072 150.418
21080 150.407
21088 150.396
21096 150.385
21104 150.374
21112 150.363
21120 150.352
21128 150.341
21136 150.329
21144 150.318
21152 150.306
21160 150.294
21168 150.283
21176 150.271
21184 150.259
21192 150.247
21200 150.235
21208 150.223
21216 150.21
21224 150.198
21232 150.186
21240 150.173
21248 150.16
21256 150.148
21264 150.135
21272 150.122
21280 150.109
21288 150.096
21296 150.083
21304 150.07
21312 150.057
21320 150.043
21328 150.03
21336 150.016
21344 150.002
21352 149.989
21360 149.975
21368 149.961
21376 149.947
21384 149.933
21392 149.919
21400 149.904
21408 149.89
21416 149.876
21424 149.861
21432 149.847
21440 149.832
21448 149.817
21456 149.802
21464 149.787
21472 149.772
21480 149.757
21488 149.742
21496 149.727
21504 149.711
21512 149.696
21520 149.68
21528 149.664
21536 149.649
21544 149.633
21552 149.617
21560 149.601
21568 149.585
21576 149.568
21584 149.552
21592 149.536
21600 149.519
21608 149.503
21616 149.486
21624 149.469
21632 149.452
21640 149.435
21648 149.418
21656 149.401
21664 149.384
21672 149.367
21680 149.349
21688 149.332
21696 149.314
21704 149.297
21712 149.279
21720 149.261
21728 149.243
21736 149.225
21744 149.207
21752 149.189
21760 149.17
21768 149.152
21776 149.133
21784 149.115
21792 149.096
21800 149.077
21808 149.058
21816 149.04
21824 149.02
21832 149.001
21840 148.982
21848 148.963
21856 148.943
21864 148.924
21872 148.904
21880 148.884
21888 148.865
21896 148.845
21904 148.825
21912 148.805
21920 148.784
21928 148.764
21936 148.744
21944 148.723
21952 148.703
21960 148.682
21968 148.661
21976 148.64
21984 148.619
21992 148.598
22000 148.577
22008 148.556
22016 148.535
22024 148.513
22032 148.492
22040 148.47
22048 148.448
22056 148.427
22064 148.405
22072 148.383
22080 148.361
22088 148.338
22096 148.316
22104 148.294
22112 148.271
22120 148.249
22128 148.226
22136 148.203
22144 148.18
22152 148.157
22160 148.134
22168 148.111
22176 148.088
22184 148.064
22192 148.041
22200 148.017
22208 147.994
22216 147.97
22224 147.946
22232 147.922
22240 147.898
22248 147.874
22256 147.85
22264 147.825
22272 147.801
22280 147.776
22288 147.751
22296 147.727
22304 147.702
22312 147.677
22320 147.652
22328 147.627
22336 147.601
22344 147.576
22352 147.551
22360 147.525
22368 147.499
22376 147.474
22384 147.448
22392 147.422
22400 147.396
22408 147.37
22416 147.343
22424 147.317
22432 147.29
22440 147.264
22448 147.237
22456 147.21
22464 147.184
22472 147.157
22480 147.129
22488 147.102
22496 147.075
22504 147.048
22512 147.02
22520 146.993
22528 146.965
22536 146.937
22544 146.909
22552 146.881
22560 146.853
22568 146.825
22576 146.796
22584 146.768
22592 146.74
22600 146.711
22608 146.682
22616 146.653
22624 146.624
22632 146.595
22640 146.566
22648 146.537
22656 146.508
22664 146.478
22672 146.449
22680 146.419
22688 146.389
22696 146.359
22704 146.329
22712 146.299
22720 146.269
22728 146.239
22736 146.208
22744 146.178
22752 146.147
22760 146.116
22768 146.086
22776 146.055
22784 146.024
22792 145.992
22800 145.961
22808 145.93
22816 145.898
22824 145.867
22832 145.835
22840 145.803
22848 145.771
22856 145.739
22864 145.707
22872 145.675
22880 145.643
22888 145.61
22896 145.578
22904 145.545
22912 145.512
22920 145.48
22928 145.447
22936 145.414
22944 145.38
22952 145.347
22960 145.314
22968 145.28
22976 145.246
22984 145.213
22992 145.179
23000 145.145
23008 145.111
23016 145.077
23024 145.042
23032 145.008
23040 144.974
23048 144.939
23056 144.904
23064 144.869
23072 144.835
23080 144.799
23088 144.764
23096 144.729
23104 144.694
23112 144.658
23120 144.623
23128 144.587
23136 144.551
23144 144.515
23152 144.479
23160 144.443
23168 144.407
23176 144.37
23184 144.334
23192 144.297
23200 144.261
23208 144.224
23216 144.187
23224 144.15
23232 144.113
23240 144.075
23248 144.038
23256 144
23264 143.963
23272 143.925
23280 143.887
23288 143.849
23296 143.811
23304 143.773
23312 143.735
23320 143.696
23328 143.658
23336 143.619
23344 143.581
23352 143.542
23360 143.503
23368 143.464
23376 143.424
23384 143.385
23392 143.346
23400 143.306
23408 143.267
23416 143.227
23424 143.187
23432 143.147
23440 143.107
23448 143.067
23456 143.026
23464 142.986
23472 142.945
23480 142.904
23488 142.864
23496 142.823
23504 142.782
23512 142.741
23520 142.699
23528 142.658
23536 142.616
23544 142.575
23552 142.533
23560 142.491
23568 142.449
23576 142.407
23584 142.365
23592 142.323
23600 142.28
23608 142.238
23616 142.195
23624 142.152
23632 142.109
23640 142.066
23648 142.023
23656 141.98
23664 141.937
23672 141.893
23680 141.85
23688 141.806
23696 141.762
23704 141.718
23712 141.674
23720 141.63
23728 141.585
23736 141.541
23744 141.496
23752 141.452
23760 141.407
23768 141.362
23776 141.317
23784 141.272
23792 141.227
23800 141.181
23808 141.136
23816 141.09
23824 141.044
23832 140.998
23840 140.952
23848 140.906
23856 140.86
23864 140.814
23872 140.767
23880 140.721
23888 140.674
23896 140.627
23904 140.58
23912 140.533
23920 140.486
23928 140.439
23936 140.391
23944 140.344
23952 140.296
23960 140.248
23968 140.2
23976 140.152
23984 140.104
23992 140.056
24000 140.007
24008 139.959
24016 139.91
24024 139.861
24032 139.812
24040 139.763
24048 139.714
24056 139.665
24064 139.616
24072 139.566
24080 139.516
24088 139.467
24096 139.417
24104 139.367
24112 139.317
24120 139.266
24128 139.216
24136 139.165
24144 139.115
24152 139.064
24160 139.013
24168 138.962
24176 138.911
24184 138.86
24192 138.808
24200 138.757
24208 138.705
24216 138.653
24224 138.602
24232 138.55
24240 138.497
24248 138.445
24256 138.393
24264 138.34
24272 138.288
24280 138.235
24288 138.182
24296 138.129
24304 138.076
24312 138.023
24320 137.969
24328 137.916
24336 137.862
24344 137.808
24352 137.754
24360 137.7
24368 137.646
24376 137.592
24384 137.537
24392 137.483
24400 137.428
24408 137.373
24416 137.318
24424 137.263
24432 137.208
24440 137.153
24448 137.098
24456 137.042
24464 136.986
24472 136.93
24480 136.874
24488 136.818
24496 136.762
24504 136.706
24512 136.649
24520 136.593
24528 136.536
24536 136.479
24544 136.422
24552 136.365
24560 136.308
24568 136.251
24576 136.193
24584 136.135
24592 136.078
24600 136.02
24608 135.962
24616 135.904
24624 135.845
24632 135.787
24640 135.728
24648 135.67
24656 135.611
24664 135.552
24672 135.493
24680 135.434
24688 135.374
24696 135.315
24704 135.255
24712 135.195
24720 135.136
24728 135.076
24736 135.015
24744 134.955
24752 134.895
24760 134.834
24768 134.774
24776 134.713
24784 134.652
24792 134.591
24800 134.53
24808 134.468
24816 134.407
24824 134.345
24832 134.284
24840 134.222
24848 134.16
24856 134.098
24864 134.035
24872 133.973
24880 133.911
24888 133.848
24896 133.785
24904 133.722
24912 133.659
24920 133.596
24928 133.533
24936 133.469
24944 133.406
24952 133.342
24960 133.278
24968 133.214
24976 133.15
24984 133.086
24992 133.021
25000 132.957
25008 132.892
25016 132.827
25024 132.762
25032 132.697
25040 132.632
25048 132.566
25056 132.501
25064 132.435
25072 132.37
25080 132.304
25088 132.238
25096 132.171
25104 132.105
25112 132.039
25120 131.972
25128 131.905
25136 131.838
25144 131.771
25152 131.704
25160 131.637
25168 131.57
25176 131.502
25184 131.434
25192 131.367
25200 131.299
25208 131.23
25216 131.162
25224 131.094
25232 131.025
25240 130.957
25248 130.888
25256 130.819
25264 130.75
25272 130.681
25280 130.611
25288 130.542
25296 130.472
25304 130.402
25312 130.332
25320 130.262
25328 130.192
25336 130.122
25344 130.051
25352 129.981
25360 129.91
25368 129.839
25376 129.768
25384 129.697
25392 129.626
25400 129.554
25408 129.482
25416 129.411
25424 129.339
25432 129.267
25440 129.195
25448 129.122
25456 129.05
25464 128.977
25472 128.905
25480 128.832
25488 128.759
25496 128.685
25504 128.612
25512 128.539
25520 128.465
25528 128.391
25536 128.318
25544 128.244
25552 128.169
25560 128.095
25568 128.021
25576 127.946
25584 127.871
25592 127.796
25600 127.721
25608 127.646
25616 127.571
25624 127.495
25632 127.42
25640 127.344
25648 127.268
25656 127.192
25664 127.116
25672 127.04
25680 126.963
25688 126.887
25696 126.81
25704 126.733
25712 126.656
25720 126.579
25728 126.501
25736 126.424
25744 126.346
25752 126.269
25760 126.191
25768 126.113
25776 126.034
25784 125.956
25792 125.878
25800 125.799
25808 125.72
25816 125.641
25824 125.562
25832 125.483
25840 125.404
25848 125.324
25856 125.244
25864 125.165
25872 125.085
25880 125.004
25888 124.924
25896 124.844
25904 124.763
25912 124.683
25920 124.602
25928 124.521
25936 124.44
25944 124.358
25952 124.277
25960 124.195
25968 124.113
25976 124.032
25984 123.95
25992 123.867
26000 123.785
26008 123.703
26016 123.62
26024 123.537
26032 123.454
26040 123.371
26048 123.288
26056 123.204
26064 123.121
26072 123.037
26080 122.953
26088 122.869
26096 122.785
26104 122.701
26112 122.617
26120 122.532
26128 122.447
26136 122.362
26144 122.277
26152 122.192
26160 122.107
26168 122.021
26176 121.936
26184 121.85
26192 121.764
26200 121.678
26208 121.592
26216 121.505
26224 121.419
26232 121.332
26240 121.245
26248 121.158
26256 121.071
26264 120.984
26272 120.896
26280 120.809
26288 120.721
26296 120.633
26304 120.545
26312 120.457
26320 120.368
26328 120.28
26336 120.191
26344 120.102
26352 120.013
26360 119.924
26368 119.835
26376 119.745
26384 119.656
26392 119.566
26400 119.476
26408 119.386
26416 119.296
26424 119.205
26432 119.115
26440 119.024
26448 118.933
26456 118.842
26464 118.751
26472 118.66
26480 118.568
26488 118.477
26496 118.385
26504 118.293
26512 118.201
26520 118.109
26528 118.016
26536 117.924
26544 117.831
26552 117.738
26560 117.645
26568 117.552
26576 117.459
26584 117.365
26592 117.271
26600 117.178
26608 117.084
26616 116.99
26624 116.895
26632 116.801
26640 116.706
26648 116.612
26656 116.517
26664 116.422
26672 116.326
26680 116.231
26688 116.135
26696 116.04
26704 115.944
26712 115.848
26720 115.752
26728 115.655
26736 115.559
26744 115.462
26752 115.365
26760 115.268
26768 115.171
26776 115.074
26784 114.977
26792 114.879
26800 114.781
26808 114.683
26816 114.585
26824 114.487
26832 114.389
26840 114.29
26848 114.191
26856 114.092
26864 113.993
26872 113.894
26880 113.795
26888 113.695
26896 113.596
26904 113.496
26912 113.396
26920 113.296
26928 113.195
26936 113.095
26944 112.994
26952 112.893
26960 112.792
26968 112.691
26976 112.59
26984 112.488
26992 112.387
27000 112.285
27008 112.183
27016 112.081
27024 111.979
27032 111.876
27040 111.774
27048 111.671
27056 111.568
27064 111.465
27072 111.362
27080 111.258
27088 111.155
27096 111.051
27104 110.947
27112 110.843
27120 110.739
27128 110.634
27136 110.53
27144 110.425
27152 110.32
27160 110.215
27168 110.11
27176 110.004
27184 109.899
27192 109.793
27200 109.687
27208 109.581
27216 109.475
27224 109.369
27232 109.262
27240 109.155
27248 109.048
27256 108.941
27264 108.834
27272 108.727
27280 108.619
27288 108.512
27296 108.404
27304 108.296
27312 108.188
27320 108.079
27328 107.971
27336 107.862
27344 107.753
27352 107.644
27360 107.535
27368 107.426
27376 107.316
27384 107.206
27392 107.096
27400 106.986
27408 106.876
27416 106.766
27424 106.655
27432 106.545
27440 106.434
27448 106.323
27456 106.211
27464 106.1
27472 105.989
27480 105.877
27488 105.765
27496 105.653
27504 105.541
27512 105.428
27520 105.316
27528 105.203
27536 105.09
27544 104.977
27552 104.864
27560 104.75
27568 104.637
27576 104.523
27584 104.409
27592 104.295
27600 104.181
27608 104.066
27616 103.952
27624 103.837
27632 103.722
27640 103.607
27648 103.492
27656 103.376
27664 103.261
27672 103.145
27680 103.029
27688 102.913
27696 102.796
27704 102.68
27712 102.563
27720 102.446
27728 102.329
27736 102.212
27744 102.095
27752 101.977
27760 101.86
27768 101.742
27776 101.624
27784 101.506
27792 101.387
27800 101.269
27808 101.15
27816 101.031
27824 100.912
27832 100.793
27840 100.673
27848 100.554
27856 100.434
27864 100.314
27872 100.194
27880 100.074
27888 99.9533
27896 99.8327
27904 99.7119
27912 99.5909
27920 99.4698
27928 99.3484
27936 99.2269
27944 99.1053
27952 98.9834
27960 98.8614
27968 98.7392
27976 98.6168
27984 98.4943
27992 98.3715
28000 98.2486
28008 98.1256
28016 98.0023
28024 97.8789
28032 97.7553
28040 97.6315
28048 97.5075
28056 97.3834
28064 97.2591
28072 97.1346
28080 97.0099
28088 96.8851
28096 96.7601
28104 96.6349
28112 96.5095
28120 96.384
28128 96.2582
28136 96.1323
28144 96.0063
28152 95.88
28160 95.7536
28168 95.627
28176 95.5002
28184 95.3732
28192 95.2461
28200 95.1187
28208 94.9912
28216 94.8636
28224 94.7357
28232 94.6077
28240 94.4794
28248 94.351
28256 94.2225
28264 94.0937
