0 213.059
8 245259
16 479025
24 701840
32 914024
40 1.11589e+06
48 1.30775e+06
56 1.4899e+06
64 1.66263e+06
72 1.82624e+06
80 1.98101e+06
88 2.1272e+06
96 2.26509e+06
104 2.39495e+06
112 2.51703e+06
120 2.63157e+06
128 2.73884e+06
136 2.83906e+06
144 2.93247e+06
152 3.01931e+06
160 3.09978e+06
168 3.17412e+06
176 3.24254e+06
184 3.30523e+06
192 3.36241e+06
200 3.41428e+06
208 3.46102e+06
216 3.50283e+06
224 3.53988e+06
232 3.57236e+06
240 3.60045e+06
248 3.6243e+06
256 3.6441e+06
264 3.65999e+06
272 3.67213e+06
280 3.68069e+06
288 3.6858e+06
296 3.68762e+06
304 3.68628e+06
312 3.68192e+06
320 3.67467e+06
328 3.66467e+06
336 3.65204e+06
344 3.6369e+06
352 3.61937e+06
360 3.59957e+06
368 3.57761e+06
376 3.5536e+06
384 3.52765e+06
392 3.49985e+06
400 3.47031e+06
408 3.43913e+06
416 3.4064e+06
424 3.3722e+06
432 3.33663e+06
440 3.29978e+06
448 3.26172e+06
456 3.22254e+06
464 3.18231e+06
472 3.14111e+06
480 3.09901e+06
488 3.05609e+06
496 3.0124e+06
504 2.96802e+06
512 2.923e+06
520 2.87741e+06
528 2.83131e+06
536 2.78476e+06
544 2.7378e+06
552 2.6905e+06
560 2.6429e+06
568 2.59505e+06
576 2.547e+06
584 2.49879e+06
592 2.45047e+06
600 2.40209e+06
608 2.35367e+06
616 2.30525e+06
624 2.25689e+06
632 2.2086e+06
640 2.16043e+06
648 2.1124e+06
656 2.06455e+06
664 2.01691e+06
672 1.9695e+06
680 1.92236e+06
688 1.8755e+06
696 1.82895e+06
704 1.78274e+06
712 1.73689e+06
720 1.69141e+06
728 1.64633e+06
736 1.60167e+06
744 1.55744e+06
752 1.51366e+06
760 1.47034e+06
768 1.42751e+06
776 1.38517e+06
784 1.34333e+06
792 1.30201e+06
800 1.26123e+06
808 1.22098e+06
816 1.18128e+06
824 1.14214e+06
832 1.10357e+06
840 1.06557e+06
848 1.02814e+06
856 991306
864 955059
872 919407
880 884354
888 849903
896 816057
904 782819
912 750189
920 718170
928 686763
936 655966
944 625781
952 596207
960 567242
968 538886
976 511136
984 483991
992 457448
1000 431504
1008 406156
1016 381401
1024 357234
1032 333653
1040 310653
1048 288229
1056 266376
1064 245090
1072 224366
1080 204198
1088 184580
1096 165507
1104 146973
1112 128972
1120 111497
1128 94543.3
1136 78103.2
1144 62170.4
1152 46738.2
1160 31799.9
1168 17348.6
1176 3377.32
1184 -10121
1192 -23153.5
1200 -35727.4
1208 -47849.7
1216 -59528
1224 -70769.3
1232 -81581.2
1240 -91971
1248 -101946
1256 -111514
1264 -120682
1272 -129457
1280 -137848
1288 -145861
1296 -153504
1304 -160785
1312 -167710
1320 -174287
1328 -180524
1336 -186427
1344 -192005
1352 -197264
1360 -202211
1368 -206854
1376 -211200
1384 -215256
1392 -219029
1400 -222526
1408 -225753
1416 -228719
1424 -231428
1432 -233889
1440 -236108
1448 -238091
1456 -239845
1464 -241376
1472 -242692
1480 -243797
1488 -244698
1496 -245402
1504 -245915
1512 -246241
1520 -246388
1528 -246362
1536 -246167
1544 -245810
1552 -245296
1560 -244630
1568 -243819
1576 -242866
1584 -241779
1592 -240561
1600 -239218
1608 -237754
1616 -236175
1624 -234485
1632 -232690
1640 -230793
1648 -228799
1656 -226713
1664 -224539
1672 -222281
1680 -219944
1688 -217531
1696 -215046
1704 -212494
1712 -209879
1720 -207203
1728 -204471
1736 -201687
1744 -198853
1752 -195973
1760 -193051
1768 -190089
1776 -187092
1784 -184061
1792 -181001
1800 -177914
1808 -174802
1816 -171669
1824 -168518
1832 -165350
1840 -162169
1848 -158977
1856 -155777
1864 -152570
1872 -149359
1880 -146146
1888 -142934
1896 -139724
1904 -136519
1912 -133320
1920 -130129
1928 -126948
1936 -123779
1944 -120623
1952 -117482
1960 -114358
1968 -111252
1976 -108166
1984 -105100
1992 -102057
2000 -99036.8
2008 -96041.5
2016 -93072.1
2024 -90129.7
2032 -87215.3
2040 -84329.9
2048 -81474.5
2056 -78649.9
2064 -75857.2
2072 -73097
2080 -70370.1
2088 -67677.3
2096 -65019.2
2104 -62396.5
2112 -59809.9
2120 -57259.7
2128 -54746.6
2136 -52271.1
2144 -49833.5
2152 -47434.3
2160 -45073.9
2168 -42752.6
2176 -40470.7
2184 -38228.4
2192 -36026.1
2200 -33863.8
2208 -31741.8
2216 -29660.2
2224 -27619.2
2232 -25618.7
2240 -23659
2248 -21739.9
2256 -19861.5
2264 -18023.9
2272 -16226.9
2280 -14470.4
2288 -12754.5
2296 -11078.9
2304 -9443.65
2312 -7848.44
2320 -6293.17
2328 -4777.63
2336 -3301.61
2344 -1864.89
2352 -467.226
2360 891.645
2368 2212
2376 3494.13
2384 4738.34
2392 5944.94
2400 7114.28
2408 8246.7
2416 9342.56
2424 10402.2
2432 11426.1
2440 12414.5
2448 13367.9
2456 14286.6
2464 15171.2
2472 16022
2480 16839.5
2488 17624.1
2496 18376.2
2504 19096.3
2512 19784.9
2520 20442.5
2528 21069.4
2536 21666.2
2544 22233.4
2552 22771.5
2560 23280.8
2568 23762
2576 24215.5
2584 24641.8
2592 25041.5
2600 25414.9
2608 25762.7
2616 26085.2
2624 26383.1
2632 26656.8
2640 26906.8
2648 27133.6
2656 27337.8
2664 27519.7
2672 27680
2680 27819.1
2688 27937.6
2696 28035.8
2704 28114.4
2712 28173.7
2720 28214.3
2728 28236.7
2736 28241.3
2744 28228.7
2752 28199.3
2760 28153.6
2768 28092
2776 28015
2784 27923.1
2792 27816.7
2800 27696.4
2808 27562.4
2816 27415.4
2824 27255.7
2832 27083.7
2840 26899.9
2848 26704.7
2856 26498.6
2864 26281.9
2872 26055
2880 25818.4
2888 25572.5
2896 25317.7
2904 25054.2
2912 24782.6
2920 24503.3
2928 24216.4
2936 23922.6
2944 23622
2952 23315
2960 23002.1
2968 22683.5
2976 22359.6
2984 22030.7
2992 21697.1
3000 21359.2
3008 21017.3
3016 20671.6
3024 20322.4
3032 19970.2
3040 19615.1
3048 19257.4
3056 18897.4
3064 18535.4
3072 18171.6
3080 17806.4
3088 17439.9
3096 17072.3
3104 16704
3112 16335.2
3120 15966.1
3128 15596.9
3136 15227.8
3144 14859.1
3152 14490.9
3160 14123.5
3168 13757
3176 13391.7
3184 13027.7
3192 12665.1
3200 12304.3
3208 11945.2
3216 11588.1
3224 11233.2
3232 10880.6
3240 10530.4
3248 10182.9
3256 9837.97
3264 9495.94
3272 9156.88
3280 8820.9
3288 8488.14
3296 8158.69
3304 7832.66
3312 7510.15
3320 7191.26
3328 6876.09
3336 6564.71
3344 6257.22
3352 5953.68
3360 5654.19
3368 5358.8
3376 5067.58
3384 4780.6
3392 4497.91
3400 4219.57
3408 3945.63
3416 3676.14
3424 3411.14
3432 3150.66
3440 2894.76
3448 2643.45
3456 2396.77
3464 2154.75
3472 1917.41
3480 1684.76
3488 1456.83
3496 1233.63
3504 1015.16
3512 801.447
3520 592.482
3528 388.271
3536 188.814
3544 -5.8922
3552 -195.853
3560 -381.077
3568 -561.574
3576 -737.357
3584 -908.441
3592 -1074.84
3600 -1236.58
3608 -1393.68
3616 -1546.16
3624 -1694.06
3632 -1837.38
3640 -1976.17
3648 -2110.46
3656 -2240.28
3664 -2365.65
3672 -2486.63
3680 -2603.24
3688 -2715.53
3696 -2823.54
3704 -2927.3
3712 -3026.86
3720 -3122.27
3728 -3213.56
3736 -3300.8
3744 -3384.01
3752 -3463.27
3760 -3538.6
3768 -3610.06
3776 -3677.72
3784 -3741.6
3792 -3801.78
3800 -3858.3
3808 -3911.23
3816 -3960.6
3824 -4006.49
3832 -4048.94
3840 -4088.01
3848 -4123.77
3856 -4156.26
3864 -4185.55
3872 -4211.69
3880 -4234.75
3888 -4254.78
3896 -4271.84
3904 -4286
3912 -4297.3
3920 -4305.82
3928 -4311.61
3936 -4314.73
3944 -4315.24
3952 -4313.2
3960 -4308.67
3968 -4301.71
3976 -4292.39
3984 -4280.75
3992 -4266.87
4000 -4250.79
4008 -4232.58
4016 -4212.3
4024 -4190.01
4032 -4165.76
4040 -4139.61
4048 -4111.62
4056 -4081.85
4064 -4050.36
4072 -4017.19
4080 -3982.41
4088 -3946.08
4096 -3908.24
4104 -3868.95
4112 -3828.27
4120 -3786.26
4128 -3742.95
4136 -3698.42
4144 -3652.7
4152 -3605.85
4160 -3557.93
4168 -3508.98
4176 -3459.05
4184 -3408.19
4192 -3356.45
4200 -3303.88
4208 -3250.52
4216 -3196.43
4224 -3141.64
4232 -3086.21
4240 -3030.17
4248 -2973.58
4256 -2916.47
4264 -2858.89
4272 -2800.88
4280 -2742.48
4288 -2683.72
4296 -2624.66
4304 -2565.33
4312 -2505.77
4320 -2446.01
4328 -2386.1
4336 -2326.06
4344 -2265.93
4352 -2205.76
4360 -2145.56
4368 -2085.38
4376 -2025.25
4384 -1965.19
4392 -1905.25
4400 -1845.44
4408 -1785.8
4416 -1726.36
4424 -1667.15
4432 -1608.18
4440 -1549.5
4448 -1491.12
4456 -1433.07
4464 -1375.38
4472 -1318.06
4480 -1261.14
4488 -1204.64
4496 -1148.59
4504 -1093
4512 -1037.9
4520 -983.295
4528 -929.216
4536 -875.678
4544 -822.698
4552 -770.291
4560 -718.475
4568 -667.264
4576 -616.673
4584 -566.716
4592 -517.407
4600 -468.758
4608 -420.782
4616 -373.49
4624 -326.892
4632 -281
4640 -235.823
4648 -191.37
4656 -147.651
4664 -104.672
4672 -62.441
4680 -20.9658
4688 19.7477
4696 59.6935
4704 98.8663
4712 137.261
4720 174.874
4728 211.701
4736 247.738
4744 282.983
4752 317.434
4760 351.088
4768 383.943
4776 416
4784 447.256
4792 477.713
4800 507.369
4808 536.227
4816 564.286
4824 591.548
4832 618.016
4840 643.69
4848 668.574
4856 692.671
4864 715.983
4872 738.514
4880 760.269
4888 781.251
4896 801.464
4904 820.914
4912 839.606
4920 857.545
4928 874.736
4936 891.186
4944 906.9
4952 921.886
4960 936.149
4968 949.697
4976 962.536
4984 974.675
4992 986.12
5000 996.879
5008 1006.96
5016 1016.37
5024 1025.12
5032 1033.22
5040 1040.67
5048 1047.49
5056 1053.68
5064 1059.25
5072 1064.21
5080 1068.57
5088 1072.35
5096 1075.54
5104 1078.16
5112 1080.22
5120 1081.73
5128 1082.7
5136 1083.13
5144 1083.05
5152 1082.45
5160 1081.35
5168 1079.76
5176 1077.69
5184 1075.14
5192 1072.14
5200 1068.68
5208 1064.79
5216 1060.47
5224 1055.72
5232 1050.57
5240 1045.02
5248 1039.08
5256 1032.77
5264 1026.08
5272 1019.04
5280 1011.65
5288 1003.93
5296 995.875
5304 987.507
5312 978.833
5320 969.862
5328 960.606
5336 951.074
5344 941.276
5352 931.221
5360 920.92
5368 910.382
5376 899.617
5384 888.635
5392 877.444
5400 866.056
5408 854.478
5416 842.72
5424 830.791
5432 818.701
5440 806.457
5448 794.071
5456 781.549
5464 768.9
5472 756.134
5480 743.259
5488 730.282
5496 717.213
5504 704.059
5512 690.829
5520 677.53
5528 664.17
5536 650.756
5544 637.298
5552 623.8
5560 610.272
5568 596.721
5576 583.152
5584 569.574
5592 555.992
5600 542.415
5608 528.848
5616 515.297
5624 501.769
5632 488.271
5640 474.807
5648 461.385
5656 448.009
5664 434.686
5672 421.421
5680 408.219
5688 395.086
5696 382.027
5704 369.046
5712 356.148
5720 343.339
5728 330.623
5736 318.004
5744 305.486
5752 293.075
5760 280.773
5768 268.585
5776 256.514
5784 244.565
5792 232.741
5800 221.045
5808 209.48
5816 198.05
5824 186.758
5832 175.607
5840 164.599
5848 153.738
5856 143.025
5864 132.464
5872 122.056
5880 111.804
5888 101.709
5896 91.7751
5904 82.0025
5912 72.3934
5920 62.9495
5928 53.6724
5936 44.5633
5944 35.6237
5952 26.8548
5960 18.2577
5968 9.83346
5976 1.58293
5984 -6.49306
5992 -14.3938
6000 -22.1186
6008 -29.6671
6016 -37.0386
6024 -44.2331
6032 -51.25
6040 -58.0894
6048 -64.7511
6056 -71.2352
6064 -77.5417
6072 -83.6709
6080 -89.6229
6088 -95.3982
6096 -100.997
6104 -106.42
6112 -111.668
6120 -116.741
6128 -121.64
6136 -126.366
6144 -130.92
6152 -135.302
6160 -139.514
6168 -143.556
6176 -147.431
6184 -151.138
6192 -154.679
6200 -158.055
6208 -161.269
6216 -164.32
6224 -167.211
6232 -169.943
6240 -172.517
6248 -174.936
6256 -177.2
6264 -179.312
6272 -181.273
6280 -183.085
6288 -184.749
6296 -186.268
6304 -187.643
6312 -188.877
6320 -189.971
6328 -190.927
6336 -191.747
6344 -192.433
6352 -192.987
6360 -193.412
6368 -193.708
6376 -193.88
6384 -193.928
6392 -193.854
6400 -193.662
6408 -193.353
6416 -192.929
6424 -192.392
6432 -191.746
6440 -190.991
6448 -190.13
6456 -189.166
6464 -188.101
6472 -186.937
6480 -185.676
6488 -184.321
6496 -182.874
6504 -181.337
6512 -179.713
6520 -178.003
6528 -176.21
6536 -174.337
6544 -172.386
6552 -170.358
6560 -168.257
6568 -166.084
6576 -163.842
6584 -161.533
6592 -159.159
6600 -156.722
6608 -154.226
6616 -151.671
6624 -149.06
6632 -146.396
6640 -143.68
6648 -140.915
6656 -138.102
6664 -135.245
6672 -132.344
6680 -129.403
6688 -126.423
6696 -123.406
6704 -120.354
6712 -117.269
6720 -114.154
6728 -111.01
6736 -107.839
6744 -104.643
6752 -101.425
6760 -98.1846
6768 -94.9255
6776 -91.6489
6784 -88.3567
6792 -85.0506
6800 -81.7325
6808 -78.404
6816 -75.0668
6824 -71.7226
6832 -68.3731
6840 -65.0199
6848 -61.6646
6856 -58.3087
6864 -54.9537
6872 -51.6013
6880 -48.2528
6888 -44.9098
6896 -41.5736
6904 -38.2456
6912 -34.9272
6920 -31.6198
6928 -28.3246
6936 -25.0429
6944 -21.776
6952 -18.525
6960 -15.2913
6968 -12.0758
6976 -8.87983
6984 -5.70439
6992 -2.55056
7000 0.580617
7008 3.68813
7016 6.771
7024 9.82827
7032 12.859
7040 15.8624
7048 18.8375
7056 21.7835
7064 24.6997
7072 27.5851
7080 30.4392
7088 33.2611
7096 36.0502
7104 38.8059
7112 41.5274
7120 44.2142
7128 46.8658
7136 49.4815
7144 52.0609
7152 54.6035
7160 57.1088
7168 59.5763
7176 62.0057
7184 64.3965
7192 66.7485
7200 69.0612
7208 71.3343
7216 73.5677
7224 75.761
7232 77.9139
7240 80.0263
7248 82.098
7256 84.1288
7264 86.1186
7272 88.0672
7280 89.9746
7288 91.8407
7296 93.6654
7304 95.4488
7312 97.1907
7320 98.8912
7328 100.55
7336 102.168
7344 103.745
7352 105.28
7360 106.775
7368 108.228
7376 109.641
7384 111.013
7392 112.345
7400 113.636
7408 114.888
7416 116.099
7424 117.271
7432 118.404
7440 119.498
7448 120.553
7456 121.57
7464 122.548
7472 123.489
7480 124.392
7488 125.259
7496 126.088
7504 126.882
7512 127.639
7520 128.361
7528 129.047
7536 129.699
7544 130.317
7552 130.901
7560 131.452
7568 131.969
7576 132.455
7584 132.908
7592 133.33
7600 133.72
7608 134.081
7616 134.411
7624 134.712
7632 134.984
7640 135.227
7648 135.443
7656 135.631
7664 135.792
7672 135.927
7680 136.037
7688 136.121
7696 136.18
7704 136.215
7712 136.227
7720 136.216
7728 136.182
7736 136.127
7744 136.05
7752 135.952
7760 135.834
7768 135.697
7776 135.54
7784 135.365
7792 135.172
7800 134.962
7808 134.735
7816 134.491
7824 134.232
7832 133.958
7840 133.669
7848 133.366
7856 133.049
7864 132.72
7872 132.378
7880 132.024
7888 131.659
7896 131.283
7904 130.897
7912 130.501
7920 130.096
7928 129.682
7936 129.26
7944 128.83
7952 128.393
7960 127.949
7968 127.499
7976 127.043
7984 126.582
7992 126.116
8000 125.645
8008 125.171
8016 124.694
8024 124.213
8032 123.73
8040 123.245
8048 122.758
8056 122.269
8064 121.78
8072 121.291
8080 120.801
8088 120.312
8096 119.823
8104 119.336
8112 118.85
8120 118.366
8128 117.884
8136 117.405
8144 116.928
8152 116.455
8160 115.985
8168 115.519
8176 115.057
8184 114.6
8192 114.148
8200 113.7
8208 113.258
8216 112.821
8224 112.39
8232 111.965
8240 111.547
8248 111.135
8256 110.73
8264 110.332
8272 109.941
8280 109.558
8288 109.182
8296 108.814
8304 108.454
8312 108.103
8320 107.759
8328 107.424
8336 107.098
8344 106.781
8352 106.472
8360 106.173
8368 105.883
8376 105.602
8384 105.33
8392 105.068
8400 104.816
8408 104.573
8416 104.34
8424 104.117
8432 103.904
8440 103.701
8448 103.507
8456 103.324
8464 103.151
8472 102.988
8480 102.835
8488 102.692
8496 102.56
8504 102.437
8512 102.325
8520 102.223
8528 102.132
8536 102.05
8544 101.978
8552 101.917
8560 101.866
8568 101.825
8576 101.793
8584 101.772
8592 101.761
8600 101.759
8608 101.767
8616 101.785
8624 101.813
8632 101.85
8640 101.896
8648 101.952
8656 102.018
8664 102.092
8672 102.176
8680 102.269
8688 102.37
8696 102.481
8704 102.6
8712 102.728
8720 102.864
8728 103.009
8736 103.162
8744 103.323
8752 103.493
8760 103.67
8768 103.854
8776 104.047
8784 104.247
8792 104.454
8800 104.669
8808 104.891
8816 105.119
8824 105.355
8832 105.597
8840 105.846
8848 106.101
8856 106.362
8864 106.629
8872 106.903
8880 107.182
8888 107.467
8896 107.757
8904 108.053
8912 108.353
8920 108.659
8928 108.97
8936 109.286
8944 109.606
8952 109.931
8960 110.26
8968 110.593
8976 110.93
8984 111.271
8992 111.616
9000 111.964
9008 112.316
9016 112.671
9024 113.029
9032 113.391
9040 113.755
9048 114.122
9056 114.491
9064 114.863
9072 115.237
9080 115.614
9088 115.992
9096 116.373
9104 116.755
9112 117.139
9120 117.524
9128 117.911
9136 118.3
9144 118.689
9152 119.08
9160 119.471
9168 119.864
9176 120.257
9184 120.651
9192 121.045
9200 121.44
9208 121.835
9216 122.231
9224 122.626
9232 123.022
9240 123.418
9248 123.813
9256 124.209
9264 124.604
9272 124.999
9280 125.393
9288 125.787
9296 126.18
9304 126.573
9312 126.965
9320 127.356
9328 127.747
9336 128.136
9344 128.525
9352 128.913
9360 129.299
9368 129.685
9376 130.07
9384 130.453
9392 130.835
9400 131.216
9408 131.596
9416 131.975
9424 132.352
9432 132.728
9440 133.103
9448 133.476
9456 133.848
9464 134.219
9472 134.588
9480 134.956
9488 135.322
9496 135.688
9504 136.052
9512 136.414
9520 136.775
9528 137.135
9536 137.493
9544 137.85
9552 138.206
9560 138.561
9568 138.914
9576 139.266
9584 139.617
9592 139.967
9600 140.316
9608 140.663
9616 141.01
9624 141.355
9632 141.7
9640 142.043
9648 142.386
9656 142.728
9664 143.069
9672 143.409
9680 143.749
9688 144.088
9696 144.426
9704 144.764
9712 145.102
9720 145.439
9728 145.775
9736 146.112
9744 146.448
9752 146.784
9760 147.12
9768 147.456
9776 147.791
9784 148.128
9792 148.464
9800 148.8
9808 149.137
9816 149.474
9824 149.812
9832 150.151
9840 150.489
9848 150.829
9856 151.17
9864 151.511
9872 151.853
9880 152.196
9888 152.541
9896 152.886
9904 153.233
9912 153.581
9920 153.93
9928 154.281
9936 154.634
9944 154.988
9952 155.344
9960 155.701
9968 156.061
9976 156.422
9984 156.786
9992 157.151
10000 157.519
10008 157.889
10016 158.261
10024 158.635
10032 159.012
10040 159.392
10048 159.774
10056 160.159
10064 160.546
10072 160.937
10080 161.33
10088 161.726
10096 162.125
10104 162.527
10112 162.932
10120 163.34
10128 163.752
10136 164.167
10144 164.585
10152 165.006
10160 165.431
10168 165.859
10176 166.291
10184 166.727
10192 167.166
10200 167.608
10208 168.054
10216 168.504
10224 168.958
10232 169.416
10240 169.877
10248 170.342
10256 170.811
10264 171.284
10272 171.761
10280 172.241
10288 172.726
10296 173.215
10304 173.707
10312 174.204
10320 174.704
10328 175.209
10336 175.717
10344 176.23
10352 176.746
10360 177.267
10368 177.791
10376 178.319
10384 178.852
10392 179.388
10400 179.928
10408 180.472
10416 181.02
10424 181.572
10432 182.127
10440 182.687
10448 183.25
10456 183.817
10464 184.387
10472 184.961
10480 185.539
10488 186.12
10496 186.705
10504 187.293
10512 187.885
10520 188.48
10528 189.078
10536 189.679
10544 190.284
10552 190.891
10560 191.502
10568 192.115
10576 192.731
10584 193.351
10592 193.972
10600 194.597
10608 195.223
10616 195.853
10624 196.484
10632 197.118
10640 197.754
10648 198.392
10656 199.032
10664 199.674
10672 200.317
10680 200.962
10688 201.609
10696 202.257
10704 202.906
10712 203.557
10720 204.208
10728 204.86
10736 205.514
10744 206.167
10752 206.822
10760 207.477
10768 208.132
10776 208.787
10784 209.442
10792 210.097
10800 210.752
10808 211.406
10816 212.06
10824 212.713
10832 213.366
10840 214.017
10848 214.667
10856 215.316
10864 215.963
10872 216.609
10880 217.253
10888 217.895
10896 218.535
10904 219.173
10912 219.808
10920 220.441
10928 221.072
10936 221.699
10944 222.323
10952 222.944
10960 223.562
10968 224.176
10976 224.786
10984 225.393
10992 225.996
11000 226.594
11008 227.188
11016 227.777
11024 228.362
11032 228.942
11040 229.517
11048 230.086
11056 230.651
11064 231.209
11072 231.762
11080 232.309
11088 232.85
11096 233.385
11104 233.913
11112 234.435
11120 234.949
11128 235.457
11136 235.958
11144 236.452
11152 236.938
11160 237.417
11168 237.888
11176 238.351
11184 238.806
11192 239.253
11200 239.691
11208 240.121
11216 240.542
11224 240.954
11232 241.357
11240 241.751
11248 242.135
11256 242.51
11264 242.876
11272 243.231
11280 243.577
11288 243.912
11296 244.238
11304 244.553
11312 244.857
11320 245.151
11328 245.434
11336 245.706
11344 245.967
11352 246.217
11360 246.455
11368 246.682
11376 246.898
11384 247.101
11392 247.293
11400 247.473
11408 247.641
11416 247.797
11424 247.94
11432 248.071
11440 248.19
11448 248.296
11456 248.389
11464 248.47
11472 248.538
11480 248.592
11488 248.634
11496 248.663
11504 248.678
11512 248.68
11520 248.668
11528 248.644
11536 248.605
11544 248.553
11552 248.488
11560 248.409
11568 248.315
11576 248.209
11584 248.088
11592 247.953
11600 247.805
11608 247.642
11616 247.465
11624 247.275
11632 247.07
11640 246.851
11648 246.618
11656 246.371
11664 246.109
11672 245.834
11680 245.544
11688 245.24
11696 244.922
11704 244.589
11712 244.243
11720 243.882
11728 243.507
11736 243.118
11744 242.714
11752 242.297
11760 241.866
11768 241.42
11776 240.961
11784 240.487
11792 240
11800 239.499
11808 238.984
11816 238.455
11824 237.913
11832 237.357
11840 236.787
11848 236.204
11856 235.607
11864 234.997
11872 234.374
11880 233.737
11888 233.088
11896 232.425
11904 231.75
11912 231.061
11920 230.36
11928 229.647
11936 228.921
11944 228.182
11952 227.432
11960 226.669
11968 225.894
11976 225.107
11984 224.309
11992 223.499
12000 222.677
12008 221.845
12016 221.001
12024 220.146
12032 219.28
12040 218.403
12048 217.516
12056 216.618
12064 215.71
12072 214.792
12080 213.865
12088 212.927
12096 211.98
12104 211.024
12112 210.058
12120 209.083
12128 208.1
12136 207.108
12144 206.108
12152 205.099
12160 204.082
12168 203.058
12176 202.026
12184 200.987
12192 199.94
12200 198.886
12208 197.826
12216 196.759
12224 195.686
12232 194.607
12240 193.521
12248 192.431
12256 191.335
12264 190.233
12272 189.127
12280 188.016
12288 186.9
12296 185.781
12304 184.657
12312 183.529
12320 182.398
12328 181.264
12336 180.127
12344 178.987
12352 177.844
12360 176.699
12368 175.552
12376 174.404
12384 173.254
12392 172.102
12400 170.95
12408 169.797
12416 168.643
12424 167.49
12432 166.336
12440 165.182
12448 164.029
12456 162.877
12464 161.726
12472 160.577
12480 159.429
12488 158.283
12496 157.139
12504 155.997
12512 154.858
12520 153.722
12528 152.589
12536 151.46
12544 150.334
12552 149.213
12560 148.095
12568 146.982
12576 145.874
12584 144.771
12592 143.673
12600 142.581
12608 141.495
12616 140.414
12624 139.34
12632 138.273
12640 137.212
12648 136.159
12656 135.112
12664 134.074
12672 133.043
12680 132.02
12688 131.006
12696 130
12704 129.003
12712 128.015
12720 127.037
12728 126.068
12736 125.109
12744 124.16
12752 123.221
12760 122.292
12768 121.375
12776 120.468
12784 119.572
12792 118.688
12800 117.816
12808 116.955
12816 116.106
12824 115.27
12832 114.446
12840 113.635
12848 112.837
12856 112.052
12864 111.28
12872 110.521
12880 109.777
12888 109.046
12896 108.329
12904 107.627
12912 106.939
12920 106.265
12928 105.607
12936 104.963
12944 104.334
12952 103.721
12960 103.123
12968 102.541
12976 101.975
12984 101.424
12992 100.89
13000 100.372
13008 99.8703
13016 99.3851
13024 98.9165
13032 98.4647
13040 98.0298
13048 97.6119
13056 97.2112
13064 96.8277
13072 96.4616
13080 96.113
13088 95.782
13096 95.4686
13104 95.173
13112 94.8953
13120 94.6355
13128 94.3938
13136 94.1702
13144 93.9648
13152 93.7776
13160 93.6088
13168 93.4583
13176 93.3263
13184 93.2128
13192 93.1179
13200 93.0415
13208 92.9838
13216 92.9447
13224 92.9244
13232 92.9228
13240 92.9399
13248 92.9758
13256 93.0305
13264 93.104
13272 93.1963
13280 93.3074
13288 93.4373
13296 93.586
13304 93.7534
13312 93.9397
13320 94.1446
13328 94.3683
13336 94.6107
13344 94.8717
13352 95.1513
13360 95.4495
13368 95.7662
13376 96.1014
13384 96.455
13392 96.8269
13400 97.2172
13408 97.6256
13416 98.0522
13424 98.4968
13432 98.9595
13440 99.44
13448 99.9383
13456 100.454
13464 100.988
13472 101.539
13480 102.108
13488 102.693
13496 103.296
13504 103.916
13512 104.553
13520 105.207
13528 105.878
13536 106.565
13544 107.268
13552 107.987
13560 108.723
13568 109.475
13576 110.242
13584 111.025
13592 111.823
13600 112.637
13608 113.466
13616 114.31
13624 115.168
13632 116.041
13640 116.929
13648 117.83
13656 118.746
13664 119.676
13672 120.619
13680 121.575
13688 122.545
13696 123.528
13704 124.523
13712 125.532
13720 126.552
13728 127.585
13736 128.629
13744 129.685
13752 130.753
13760 131.832
13768 132.921
13776 134.022
13784 135.133
13792 136.254
13800 137.386
13808 138.527
13816 139.677
13824 140.837
13832 142.006
13840 143.183
13848 144.369
13856 145.564
13864 146.766
13872 147.976
13880 149.193
13888 150.417
13896 151.649
13904 152.886
13912 154.131
13920 155.381
13928 156.637
13936 157.898
13944 159.165
13952 160.437
13960 161.713
13968 162.994
13976 164.278
13984 165.567
13992 166.859
14000 168.154
14008 169.452
14016 170.752
14024 172.055
14032 173.36
14040 174.667
14048 175.975
14056 177.285
14064 178.595
14072 179.906
14080 181.217
14088 182.528
14096 183.839
14104 185.149
14112 186.458
14120 187.766
14128 189.072
14136 190.377
14144 191.679
14152 192.98
14160 194.277
14168 195.572
14176 196.863
14184 198.151
14192 199.434
14200 200.714
14208 201.989
14216 203.26
14224 204.526
14232 205.786
14240 207.041
14248 208.29
14256 209.532
14264 210.769
14272 211.998
14280 213.221
14288 214.436
14296 215.644
14304 216.844
14312 218.036
14320 219.22
14328 220.395
14336 221.561
14344 222.718
14352 223.866
14360 225.003
14368 226.132
14376 227.249
14384 228.357
14392 229.454
14400 230.539
14408 231.614
14416 232.677
14424 233.729
14432 234.768
14440 235.796
14448 236.811
14456 237.814
14464 238.804
14472 239.78
14480 240.744
14488 241.694
14496 242.63
14504 243.553
14512 244.461
14520 245.355
14528 246.234
14536 247.099
14544 247.949
14552 248.783
14560 249.603
14568 250.407
14576 251.195
14584 251.967
14592 252.724
14600 253.464
14608 254.188
14616 254.895
14624 255.586
14632 256.26
14640 256.917
14648 257.557
14656 258.179
14664 258.784
14672 259.372
14680 259.942
14688 260.494
14696 261.028
14704 261.544
14712 262.042
14720 262.522
14728 262.983
14736 263.426
14744 263.85
14752 264.255
14760 264.642
14768 265.01
14776 265.359
14784 265.689
14792 266
14800 266.292
14808 266.564
14816 266.817
14824 267.051
14832 267.266
14840 267.461
14848 267.637
14856 267.793
14864 267.929
14872 268.046
14880 268.144
14888 268.222
14896 268.28
14904 268.318
14912 268.337
14920 268.336
14928 268.316
14936 268.276
14944 268.216
14952 268.137
14960 268.038
14968 267.92
14976 267.782
14984 267.624
14992 267.447
15000 267.251
15008 267.035
15016 266.8
15024 266.545
15032 266.272
15040 265.979
15048 265.667
15056 265.336
15064 264.987
15072 264.618
15080 264.231
15088 263.824
15096 263.4
15104 262.957
15112 262.495
15120 262.015
15128 261.517
15136 261.001
15144 260.467
15152 259.915
15160 259.346
15168 258.759
15176 258.154
15184 257.532
15192 256.893
15200 256.237
15208 255.564
15216 254.875
15224 254.169
15232 253.446
15240 252.707
15248 251.953
15256 251.182
15264 250.396
15272 249.594
15280 248.776
15288 247.944
15296 247.096
15304 246.234
15312 245.266
15320 244.466
15328 243.56
15336 242.641
15344 241.707
15352 240.76
15360 239.8
15368 238.827
15376 237.84
15384 236.841
15392 235.829
15400 234.805
15408 233.769
15416 232.721
15424 231.662
15432 230.591
15440 229.509
15448 228.416
15456 227.312
15464 226.198
15472 225.074
15480 223.94
15488 222.797
15496 221.643
15504 220.481
15512 219.31
15520 218.13
15528 216.942
15536 215.746
15544 214.541
15552 213.329
15560 212.11
15568 210.884
15576 209.651
15584 208.411
15592 207.165
15600 205.913
15608 204.656
15616 203.393
15624 202.124
15632 200.851
15640 199.573
15648 198.291
15656 197.005
15664 195.715
15672 194.421
15680 193.124
15688 191.824
15696 190.521
15704 189.216
15712 187.909
15720 186.6
15728 185.289
15736 183.977
15744 182.664
15752 181.35
15760 180.036
15768 178.722
15776 177.407
15784 176.093
15792 174.78
15800 173.467
15808 172.156
15816 170.846
15824 169.537
15832 168.231
15840 166.927
15848 165.626
15856 164.327
15864 163.032
15872 161.739
15880 160.451
15888 159.166
15896 157.885
15904 156.609
15912 155.337
15920 154.071
15928 152.809
15936 151.553
15944 150.302
15952 149.058
15960 147.819
15968 146.588
15976 145.362
15984 144.144
15992 142.933
16000 141.729
16008 140.533
16016 139.344
16024 138.164
16032 136.992
16040 135.829
16048 134.674
16056 133.529
16064 132.392
16072 131.266
16080 130.148
16088 129.041
16096 127.944
16104 126.857
16112 125.78
16120 124.715
16128 123.66
16136 122.616
16144 121.584
16152 120.563
16160 119.553
16168 118.556
16176 117.57
16184 116.597
16192 115.636
16200 114.688
16208 113.752
16216 112.829
16224 111.92
16232 111.023
16240 110.14
16248 109.27
16256 108.414
16264 107.572
16272 106.744
16280 105.929
16288 105.129
16296 104.344
16304 103.572
16312 102.815
16320 102.073
16328 101.346
16336 100.634
16344 99.9364
16352 99.2542
16360 98.5872
16368 97.9355
16376 97.2991
16384 96.6783
16392 96.073
16400 95.4833
16408 94.9094
16416 94.3512
16424 93.8089
16432 93.2825
16440 92.7721
16448 92.2777
16456 91.7994
16464 91.3372
16472 90.8911
16480 90.4613
16488 90.0477
16496 89.6503
16504 89.2693
16512 88.9045
16520 88.5561
16528 88.224
16536 87.9083
16544 87.6089
16552 87.3259
16560 87.0593
16568 86.809
16576 86.575
16584 86.3574
16592 86.1561
16600 85.971
16608 85.8023
16616 85.6497
16624 85.5134
16632 85.3931
16640 85.2891
16648 85.201
16656 85.129
16664 85.073
16672 85.0329
16680 85.0086
16688 85.0001
16696 85.0073
16704 85.0301
16712 85.0685
16720 85.1224
16728 85.1917
16736 85.2763
16744 85.3761
16752 85.491
16760 85.621
16768 85.7658
16776 85.9255
16784 86.1
16792 86.289
16800 86.4925
16808 86.7103
16816 86.9424
16824 87.1886
16832 87.4488
16840 87.7229
16848 88.0107
16856 88.312
16864 88.6268
16872 88.9549
16880 89.2962
16888 89.6504
16896 90.0175
16904 90.3973
16912 90.7896
16920 91.1943
16928 91.6112
16936 92.0401
16944 92.4809
16952 92.9334
16960 93.3974
16968 93.8728
16976 94.3593
16984 94.8568
16992 95.3651
17000 95.884
17008 96.4134
17016 96.9529
17024 97.5025
17032 98.062
17040 98.6311
17048 99.2096
17056 99.7974
17064 100.394
17072 101
17080 101.614
17088 102.237
17096 102.868
17104 103.507
17112 104.154
17120 104.808
17128 105.469
17136 106.138
17144 106.814
17152 107.496
17160 108.185
17168 108.881
17176 109.582
17184 110.289
17192 111.001
17200 111.719
17208 112.443
17216 113.171
17224 113.903
17232 114.641
17240 115.382
17248 116.127
17256 116.877
17264 117.629
17272 118.385
17280 119.145
17288 119.907
17296 120.671
17304 121.438
17312 122.208
17320 122.979
17328 123.752
17336 124.526
17344 125.301
17352 126.078
17360 126.855
17368 127.633
17376 128.412
17384 129.19
17392 129.968
17400 130.746
17408 131.523
17416 132.3
17424 133.076
17432 133.85
17440 134.623
17448 135.394
17456 136.163
17464 136.93
17472 137.695
17480 138.457
17488 139.217
17496 139.974
17504 140.727
17512 141.477
17520 142.223
17528 142.966
17536 143.705
17544 144.439
17552 145.169
17560 145.895
17568 146.615
17576 147.331
17584 148.042
17592 148.747
17600 149.446
17608 150.14
17616 150.828
17624 151.51
17632 152.185
17640 152.854
17648 153.517
17656 154.173
17664 154.821
17672 155.463
17680 156.097
17688 156.724
17696 157.343
17704 157.954
17712 158.558
17720 159.153
17728 159.741
17736 160.319
17744 160.89
17752 161.452
17760 162.005
17768 162.549
17776 163.084
17784 163.61
17792 164.126
17800 164.634
17808 165.131
17816 165.619
17824 166.098
17832 166.566
17840 167.025
17848 167.474
17856 167.912
17864 168.341
17872 168.759
17880 169.166
17888 169.564
17896 169.95
17904 170.326
17912 170.692
17920 171.046
17928 171.39
17936 171.723
17944 172.045
17952 172.356
17960 172.656
17968 172.946
17976 173.223
17984 173.49
17992 173.746
18000 173.99
18008 174.224
18016 174.446
18024 174.656
18032 174.856
18040 175.044
18048 175.221
18056 175.386
18064 175.541
18072 175.684
18080 175.816
18088 175.936
18096 176.045
18104 176.144
18112 176.23
18120 176.306
18128 176.371
18136 176.424
18144 176.467
18152 176.498
18160 176.519
18168 176.528
18176 176.527
18184 176.515
18192 176.492
18200 176.459
18208 176.415
18216 176.36
18224 176.295
18232 176.22
18240 176.134
18248 176.038
18256 175.932
18264 175.816
18272 175.69
18280 175.555
18288 175.409
18296 175.254
18304 175.09
18312 174.916
18320 174.733
18328 174.541
18336 174.34
18344 174.13
18352 173.911
18360 173.683
18368 173.448
18376 173.203
18384 172.951
18392 172.691
18400 172.422
18408 172.146
18416 171.863
18424 171.572
18432 171.273
18440 170.968
18448 170.655
18456 170.336
18464 170.011
18472 169.679
18480 169.34
18488 168.996
18496 168.646
18504 168.29
18512 167.928
18520 167.561
18528 167.189
18536 166.812
18544 166.431
18552 166.045
18560 165.654
18568 165.259
18576 164.861
18584 164.459
18592 164.053
18600 163.643
18608 163.231
18616 162.816
18624 162.398
18632 161.977
18640 161.555
18648 161.13
18656 160.703
18664 160.275
18672 159.846
18680 159.415
18688 158.983
18696 158.551
18704 158.118
18712 157.684
18720 157.251
18728 156.818
18736 156.385
18744 155.953
18752 155.522
18760 155.092
18768 154.663
18776 154.236
18784 153.81
18792 153.387
18800 152.965
18808 152.546
18816 152.13
18824 151.717
18832 151.307
18840 150.9
18848 150.497
18856 150.097
18864 149.702
18872 149.311
18880 148.924
18888 148.543
18896 148.166
18904 147.794
18912 147.428
18920 147.067
18928 146.712
18936 146.364
18944 146.021
18952 145.685
18960 145.356
18968 145.034
18976 144.719
18984 144.411
18992 144.111
19000 143.819
19008 143.534
19016 143.258
19024 142.99
19032 142.731
19040 142.481
19048 142.239
19056 142.007
19064 141.784
19072 141.571
19080 141.368
19088 141.174
19096 140.991
19104 140.818
19112 140.656
19120 140.504
19128 140.363
19136 140.233
19144 140.115
19152 140.007
19160 139.912
19168 139.828
19176 139.756
19184 139.696
19192 139.648
19200 139.612
19208 139.589
19216 139.579
19224 139.581
19232 139.596
19240 139.624
19248 139.666
19256 139.72
19264 139.788
19272 139.87
19280 139.965
19288 140.074
19296 140.197
19304 140.334
19312 140.485
19320 140.65
19328 140.83
19336 141.024
19344 141.232
19352 141.455
19360 141.692
19368 141.944
19376 142.211
19384 142.493
19392 142.79
19400 143.101
19408 143.428
19416 143.77
19424 144.126
19432 144.498
19440 144.885
19448 145.288
19456 145.706
19464 146.138
19472 146.587
19480 147.05
19488 147.529
19496 148.023
19504 148.533
19512 149.058
19520 149.598
19528 150.154
19536 150.725
19544 151.311
19552 151.913
19560 152.53
19568 153.162
19576 153.809
19584 154.472
19592 155.149
19600 155.842
19608 156.55
19616 157.272
19624 158.01
19632 158.762
19640 159.529
19648 160.311
19656 161.107
19664 161.918
19672 162.744
19680 163.583
19688 164.437
19696 165.306
19704 166.188
19712 167.084
19720 167.994
19728 168.917
19736 169.854
19744 170.805
19752 171.769
19760 172.746
19768 173.736
19776 174.739
19784 175.755
19792 176.783
19800 177.824
19808 178.877
19816 179.943
19824 181.02
19832 182.109
19840 183.209
19848 184.321
19856 185.444
19864 186.579
19872 187.724
19880 188.88
19888 190.046
19896 191.223
19904 192.409
19912 193.606
19920 194.812
19928 196.027
19936 197.252
19944 198.486
19952 199.728
19960 200.98
19968 202.239
19976 203.506
19984 204.781
19992 206.064
20000 207.354
20008 208.652
20016 209.956
20024 211.342
20032 212.583
20040 213.906
20048 215.235
20056 216.57
20064 217.909
20072 219.254
20080 220.604
20088 221.957
20096 223.316
20104 224.678
20112 226.043
20120 227.412
20128 228.784
20136 230.159
20144 231.537
20152 232.916
20160 234.298
20168 235.681
20176 237.065
20184 238.451
20192 239.837
20200 241.224
20208 242.61
20216 243.997
20224 245.383
20232 246.769
20240 248.153
20248 249.536
20256 250.917
20264 252.297
20272 253.674
20280 255.048
20288 256.42
20296 257.788
20304 259.153
20312 260.514
20320 261.871
20328 263.224
20336 264.571
20344 265.914
20352 267.251
20360 268.583
20368 269.909
20376 271.228
20384 272.541
20392 273.847
20400 275.146
20408 276.437
20416 277.721
20424 278.996
20432 280.263
20440 281.521
20448 282.771
20456 284.011
20464 285.241
20472 286.462
20480 287.672
20488 288.872
20496 290.061
20504 291.239
20512 292.406
20520 293.561
20528 294.705
20536 295.836
20544 296.955
20552 298.061
20560 299.154
20568 300.233
20576 301.3
20584 302.352
20592 303.39
20600 304.414
20608 305.424
20616 306.419
20624 307.398
20632 308.363
20640 309.311
20648 310.244
20656 311.161
20664 312.062
20672 312.946
20680 313.813
20688 314.664
20696 315.497
20704 316.313
20712 317.111
20720 317.892
20728 318.654
20736 319.399
20744 320.125
20752 320.832
20760 321.52
20768 322.19
20776 322.84
20784 323.471
20792 324.083
20800 324.675
20808 325.247
20816 325.799
20824 326.331
20832 326.843
20840 327.334
20848 327.805
20856 328.255
20864 328.684
20872 329.092
20880 329.48
20888 329.846
20896 330.19
20904 330.514
20912 330.816
20920 331.096
20928 331.355
20936 331.592
20944 331.807
20952 332
20960 332.172
20968 332.321
20976 332.448
20984 332.553
20992 332.636
21000 332.697
21008 332.736
21016 332.752
21024 332.746
21032 332.718
21040 332.667
21048 332.594
21056 332.499
21064 332.382
21072 332.242
21080 332.08
21088 331.896
21096 331.69
21104 331.461
21112 331.21
21120 330.938
21128 330.643
21136 330.326
21144 329.988
21152 329.627
21160 329.245
21168 328.841
21176 328.416
21184 327.969
21192 327.501
21200 327.011
21208 326.501
21216 325.969
21224 325.416
21232 324.843
21240 324.249
21248 323.634
21256 322.999
21264 322.344
21272 321.669
21280 320.974
21288 320.259
21296 319.525
21304 318.771
21312 317.999
21320 317.207
21328 316.396
21336 315.567
21344 314.72
21352 313.854
21360 312.97
21368 312.069
21376 311.15
21384 310.214
21392 309.261
21400 308.291
21408 307.304
21416 306.301
21424 305.283
21432 304.248
21440 303.198
21448 302.133
21456 301.052
21464 299.957
21472 298.848
21480 297.725
21488 296.588
21496 295.437
21504 294.273
21512 293.097
21520 291.907
21528 290.706
21536 289.492
21544 288.267
21552 287.031
21560 285.783
21568 284.525
21576 283.257
21584 281.979
21592 280.691
21600 279.394
21608 278.088
21616 276.774
21624 275.451
21632 274.12
21640 272.782
21648 271.437
21656 270.085
21664 268.727
21672 267.363
21680 265.993
21688 264.618
21696 263.238
21704 261.854
21712 260.465
21720 259.073
21728 257.677
21736 256.279
21744 254.878
21752 253.475
21760 252.07
21768 250.664
21776 249.256
21784 247.849
21792 246.441
21800 245.033
21808 243.626
21816 242.22
21824 240.815
21832 239.412
21840 238.012
21848 236.614
21856 235.219
21864 233.828
21872 232.44
21880 231.057
21888 229.678
21896 228.304
21904 226.936
21912 225.573
21920 224.217
21928 222.868
21936 221.525
21944 220.19
21952 218.863
21960 217.544
21968 216.234
21976 214.932
21984 213.64
21992 212.358
22000 211.086
22008 209.824
22016 208.573
22024 207.334
22032 206.106
22040 204.891
22048 203.687
22056 202.497
22064 201.319
22072 200.155
22080 199.005
22088 197.869
22096 196.748
22104 195.642
22112 194.551
22120 193.475
22128 192.415
22136 191.372
22144 190.345
22152 189.335
22160 188.342
22168 187.367
22176 186.41
22184 185.471
22192 184.55
22200 183.648
22208 182.765
22216 181.902
22224 181.058
22232 180.234
22240 179.43
22248 178.647
22256 177.884
22264 177.142
22272 176.422
22280 175.723
22288 175.046
22296 174.39
22304 173.757
22312 173.146
22320 172.558
22328 171.992
22336 171.45
22344 170.93
22352 170.435
22360 169.962
22368 169.514
22376 169.089
22384 168.689
22392 168.312
22400 167.96
22408 167.633
22416 167.33
22424 167.053
22432 166.8
22440 166.572
22448 166.369
22456 166.192
22464 166.039
22472 165.913
22480 165.812
22488 165.736
22496 165.686
22504 165.662
22512 165.663
22520 165.691
22528 165.744
22536 165.823
22544 165.927
22552 166.058
22560 166.215
22568 166.397
22576 166.605
22584 166.84
22592 167.1
22600 167.385
22608 167.697
22616 168.034
22624 168.397
22632 168.785
22640 169.199
22648 169.638
22656 170.102
22664 170.592
22672 171.106
22680 171.646
22688 172.21
22696 172.799
22704 173.413
22712 174.051
22720 174.713
22728 175.4
22736 176.11
22744 176.844
22752 177.601
22760 178.382
22768 179.186
22776 180.013
22784 180.863
22792 181.735
22800 182.629
22808 183.545
22816 184.483
22824 185.443
22832 186.423
22840 187.425
22848 188.447
22856 189.49
22864 190.552
22872 191.635
22880 192.737
22888 193.858
22896 194.997
22904 196.156
22912 197.332
22920 198.526
22928 199.738
22936 200.967
22944 202.212
22952 203.474
22960 204.751
22968 206.045
22976 207.353
22984 208.676
22992 210.014
23000 211.366
23008 212.731
23016 214.109
23024 215.5
23032 216.903
23040 218.318
23048 219.745
23056 221.182
23064 222.63
23072 224.088
23080 225.555
23088 227.031
23096 228.516
23104 230.01
23112 231.511
23120 233.019
23128 234.533
23136 236.054
23144 237.581
23152 239.112
23160 240.649
23168 242.189
23176 243.733
23184 245.28
23192 246.83
23200 248.382
23208 249.936
23216 251.49
23224 253.045
23232 254.6
23240 256.154
23248 257.707
23256 259.259
23264 260.808
23272 262.354
23280 263.898
23288 265.437
23296 266.972
23304 268.502
23312 270.026
23320 271.545
23328 273.057
23336 274.561
23344 276.058
23352 277.547
23360 279.027
23368 280.497
23376 281.958
23384 283.408
23392 284.847
23400 286.275
23408 287.69
23416 289.093
23424 290.483
23432 291.858
23440 293.22
23448 294.567
23456 295.898
23464 297.213
23472 298.512
23480 299.794
23488 301.059
23496 302.305
23504 303.533
23512 304.742
23520 305.932
23528 307.101
23536 308.249
23544 309.377
23552 310.483
23560 311.567
23568 312.628
23576 313.666
23584 314.681
23592 315.672
23600 316.638
23608 317.579
23616 318.495
23624 319.385
23632 320.249
23640 321.085
23648 321.895
23656 322.677
23664 323.431
23672 324.157
23680 324.854
23688 325.521
23696 326.159
23704 326.767
23712 327.344
23720 327.891
23728 328.406
23736 328.89
23744 329.342
23752 329.762
23760 330.149
23768 330.503
23776 330.825
23784 331.112
23792 331.366
23800 331.586
23808 331.772
23816 331.923
23824 332.039
23832 332.12
23840 332.165
23848 332.175
23856 332.149
23864 332.087
23872 331.989
23880 331.855
23888 331.683
23896 331.476
23904 331.231
23912 330.949
23920 330.63
23928 330.273
23936 329.879
23944 329.448
23952 328.978
23960 328.471
23968 327.927
23976 327.344
23984 326.723
23992 326.065
24000 325.368
24008 324.634
24016 323.861
24024 323.051
24032 322.202
24040 321.316
24048 320.391
24056 319.429
24064 318.429
24072 317.392
24080 316.316
24088 315.204
24096 314.054
24104 312.866
24112 311.642
24120 310.38
24128 309.082
24136 307.748
24144 306.377
24152 304.969
24160 303.526
24168 302.047
24176 300.532
24184 298.983
24192 297.398
24200 295.778
24208 294.124
24216 292.436
24224 290.714
24232 288.959
24240 287.171
24248 285.349
24256 283.496
24264 281.61
24272 279.692
24280 277.744
24288 275.764
24296 273.754
24304 271.714
24312 269.645
24320 267.546
24328 265.419
24336 263.263
24344 261.08
24352 258.87
24360 256.633
24368 254.37
24376 252.082
24384 249.768
24392 247.43
24400 245.068
24408 242.682
24416 240.274
24424 237.844
24432 235.392
24440 232.92
24448 230.427
24456 227.914
24464 225.382
24472 222.832
24480 220.265
24488 217.68
24496 215.079
24504 212.462
24512 209.831
24520 207.185
24528 204.526
24536 201.854
24544 199.17
24552 196.474
24560 193.768
24568 191.053
24576 188.328
24584 185.595
24592 182.854
24600 180.107
24608 177.354
24616 174.596
24624 171.833
24632 169.067
24640 166.299
24648 163.528
24656 160.756
24664 157.985
24672 155.213
24680 152.444
24688 149.676
24696 146.912
24704 144.151
24712 141.396
24720 138.646
24728 135.903
24736 133.135
24744 130.44
24752 127.721
24760 125.013
24768 122.315
24776 119.629
24784 116.956
24792 114.297
24800 111.651
24808 109.021
24816 106.407
24824 103.81
24832 101.231
24840 98.6708
24848 96.13
24856 93.6096
24864 91.1106
24872 88.6338
24880 86.18
24888 83.7501
24896 81.345
24904 78.9655
24912 76.6125
24920 74.2868
24928 71.9892
24936 69.7207
24944 67.482
24952 65.2739
24960 63.0974
24968 60.9531
24976 58.842
24984 56.7647
24992 54.7222
25000 52.7153
25008 50.7446
25016 48.811
25024 46.9152
25032 45.0581
25040 43.2404
25048 41.4628
25056 39.726
25064 38.0309
25072 36.378
25080 34.7682
25088 33.2021
25096 31.6805
25104 30.204
25112 28.7732
25120 27.3889
25128 26.0517
25136 24.7622
25144 23.521
25152 22.3289
25160 21.1863
25168 20.0939
25176 19.0522
25184 18.0619
25192 17.1234
25200 16.2373
25208 15.4041
25216 14.6244
25224 13.8986
25232 13.2272
25240 12.6107
25248 12.0495
25256 11.5442
25264 11.095
25272 10.7024
25280 10.3668
25288 10.0886
25296 9.86806
25304 9.70564
25312 9.60161
25320 9.55629
25328 9.56996
25336 9.6429
25344 9.77538
25352 9.96762
25360 10.2198
25368 10.5323
25376 10.9051
25384 11.3384
25392 11.8325
25400 12.3873
25408 13.0031
25416 13.68
25424 14.4179
25432 15.217
25440 16.0773
25448 16.9988
25456 17.9815
25464 19.0254
25472 20.1304
25480 21.2965
25488 22.5236
25496 23.8115
25504 25.1603
25512 26.5696
25520 28.0394
25528 29.5695
25536 31.1596
25544 32.8096
25552 34.5192
25560 36.288
25568 38.116
25576 40.0026
25584 41.9477
25592 43.9508
25600 46.0116
25608 48.1297
25616 50.3046
25624 52.536
25632 54.8234
25640 57.1664
25648 59.5643
25656 62.0168
25664 64.5232
25672 67.083
25680 69.6957
25688 72.3607
25696 75.0772
25704 77.8448
25712 80.6627
25720 83.5302
25728 86.4467
25736 89.4114
25744 92.4237
25752 95.4827
25760 98.5876
25768 101.738
25776 104.932
25784 108.17
25792 111.451
25800 114.774
25808 118.137
25816 121.54
25824 124.983
25832 128.464
25840 131.981
25848 135.535
25856 139.125
25864 142.748
25872 146.405
25880 150.093
25888 153.813
25896 157.563
25904 161.342
25912 165.148
25920 168.981
25928 172.839
25936 176.722
25944 180.628
25952 184.556
25960 188.505
25968 192.474
25976 196.46
25984 200.464
25992 204.484
26000 208.519
26008 212.566
26016 216.626
26024 220.697
26032 224.777
26040 228.865
26048 232.96
26056 237.06
26064 241.165
26072 245.272
26080 249.381
26088 253.49
26096 257.598
26104 261.703
26112 265.803
26120 269.899
26128 273.987
26136 278.067
26144 282.138
26152 286.197
26160 290.244
26168 294.276
26176 298.294
26184 302.294
26192 306.277
26200 310.239
26208 314.181
26216 318.1
26224 321.995
26232 325.865
26240 329.708
26248 333.522
26256 337.307
26264 341.061
26272 344.782
26280 348.469
26288 352.121
26296 355.736
26304 359.313
26312 362.85
26320 366.347
26328 369.801
26336 373.211
26344 376.576
26352 379.895
26360 383.166
26368 386.387
26376 389.558
26384 392.678
26392 395.744
26400 398.756
26408 401.712
26416 404.611
26424 407.452
26432 410.234
26440 412.954
26448 415.613
26456 418.209
26464 420.74
26472 423.206
26480 425.605
26488 427.936
26496 430.199
26504 432.391
26512 434.513
26520 436.562
26528 438.538
26536 440.44
26544 442.267
26552 444.017
26560 445.691
26568 447.286
26576 448.803
26584 450.239
26592 451.595
26600 452.87
26608 454.062
26616 455.171
26624 456.196
26632 457.136
26640 457.992
26648 458.761
26656 459.444
26664 460.039
26672 460.547
26680 460.966
26688 461.297
26696 461.538
26704 461.689
26712 461.75
26720 461.72
26728 461.599
26736 461.386
26744 461.082
26752 460.686
26760 460.198
26768 459.617
26776 458.943
26784 458.177
26792 457.318
26800 456.366
26808 455.321
26816 454.183
26824 452.952
26832 451.628
26840 450.211
26848 448.702
26856 447.1
26864 445.406
26872 443.62
26880 441.742
26888 439.773
26896 437.713
26904 435.562
26912 433.321
26920 430.991
26928 428.571
26936 426.063
26944 423.466
26952 420.782
26960 418.012
26968 415.155
26976 412.214
26984 409.187
26992 406.077
27000 402.885
27008 399.61
27016 396.255
27024 392.819
27032 389.305
27040 385.712
27048 382.043
27056 378.298
27064 374.479
27072 370.586
27080 366.621
27088 362.585
27096 358.48
27104 354.307
27112 350.067
27120 345.761
27128 341.392
27136 336.961
27144 332.468
27152 327.916
27160 323.307
27168 318.642
27176 313.922
27184 309.149
27192 304.326
27200 299.454
27208 294.534
27216 289.569
27224 284.56
27232 279.509
27240 274.418
27248 269.29
27256 264.126
27264 258.928
27272 253.698
27280 248.438
27288 243.151
27296 237.838
27304 232.502
27312 227.145
27320 221.769
27328 216.376
27336 210.968
27344 205.548
27352 200.119
27360 194.682
27368 189.239
27376 183.794
27384 178.348
27392 172.904
27400 167.464
27408 162.031
27416 156.607
27424 151.194
27432 145.796
27440 140.414
27448 135.051
27456 129.71
27464 124.392
27472 119.102
27480 113.84
27488 108.61
27496 103.415
27504 98.2556
27512 93.136
27520 88.0582
27528 83.0248
27536 78.0384
27544 73.1016
27552 68.2169
27560 63.3868
27568 58.6139
27576 53.9009
27584 49.2501
27592 44.6642
27600 40.1457
27608 35.6971
27616 31.3209
27624 27.0197
27632 22.7958
27640 18.6519
27648 14.5902
27656 10.6134
27664 6.72377
27672 2.92377
27680 -0.784216
27688 -4.39783
27696 -7.91471
27704 -11.3326
27712 -14.649
27720 -17.8619
27728 -20.9689
27736 -23.9679
27744 -26.8566
27752 -29.6328
27760 -32.2945
27768 -34.8396
27776 -37.2659
27784 -39.5716
27792 -41.7545
27800 -43.8128
27808 -45.7445
27816 -47.5478
27824 -49.2209
27832 -50.7619
27840 -52.1692
27848 -53.441
27856 -54.5756
27864 -55.5716
27872 -56.4274
27880 -57.1414
27888 -57.7122
27896 -58.1384
27904 -58.4187
27912 -58.5518
27920 -58.5365
27928 -58.3716
27936 -58.0559
27944 -57.5885
27952 -56.9684
27960 -56.1945
27968 -55.2662
27976 -54.1824
27984 -52.9426
27992 -51.5461
28000 -49.9922
28008 -48.2804
28016 -46.4103
28024 -44.3814
28032 -42.1935
28040 -39.8463
28048 -37.3395
28056 -34.6732
28064 -31.8473
28072 -28.8618
28080 -25.7169
28088 -22.4127
28096 -18.9496
28104 -15.3279
28112 -11.5481
28120 -7.61062
28128 -3.51613
28136 0.734688
28144 5.14107
28152 9.70217
28160 14.417
28168 19.2847
28176 24.3039
28184 29.4736
28192 34.7925
28200 40.2592
28208 45.8723
28216 51.6301
28224 57.5311
28232 63.5736
28240 69.7558
28248 76.0757
28256 82.5314
28264 89.1208
28272 95.8418
28280 102.692
28288 109.669
28296 116.771
28304 123.995
28312 131.338
28320 138.797
28328 146.371
28336 154.056
28344 161.849
28352 169.746
28360 177.746
28368 185.844
28376 194.037
28384 202.323
28392 210.696
28400 219.155
28408 227.694
28416 236.311
28424 245.001
28432 253.761
28440 262.587
28448 271.474
28456 280.418
28464 289.416
28472 298.462
28480 307.552
28488 316.682
28496 325.847
28504 335.043
28512 344.265
28520 353.508
28528 362.767
28536 372.037
28544 381.313
28552 390.591
28560 399.864
28568 409.128
28576 418.378
28584 427.607
28592 436.812
28600 445.986
28608 455.123
28616 464.219
28624 473.267
28632 482.261
28640 491.197
28648 500.069
28656 508.869
28664 517.594
28672 526.235
28680 534.789
28688 543.248
28696 551.607
28704 559.86
28712 568
28720 576.021
28728 583.918
28736 591.684
28744 599.312
28752 606.797
28760 614.133
28768 621.312
28776 628.33
28784 635.179
28792 641.853
28800 648.347
28808 654.653
28816 660.766
28824 666.679
28832 672.386
28840 677.881
28848 683.158
28856 688.209
28864 693.03
28872 697.614
28880 701.955
28888 706.047
28896 709.883
28904 713.459
28912 716.767
28920 719.801
28928 722.557
28936 725.028
28944 727.208
28952 729.092
28960 730.674
28968 731.948
28976 732.909
28984 733.552
28992 733.871
29000 733.86
29008 733.516
29016 732.831
29024 731.803
29032 730.425
29040 728.693
29048 726.602
29056 724.148
29064 721.326
29072 718.131
29080 714.56
29088 710.609
29096 706.273
29104 701.548
29112 696.432
29120 690.919
29128 685.008
29136 678.694
29144 671.974
29152 664.846
29160 657.306
29168 649.353
29176 640.982
29184 632.193
29192 622.984
29200 613.351
29208 603.293
29216 592.809
29224 581.898
29232 570.558
29240 558.787
29248 546.586
29256 533.954
29264 520.89
29272 507.394
29280 493.467
29288 479.108
29296 464.317
29304 449.097
29312 433.447
29320 417.368
29328 400.863
29336 383.933
29344 366.579
29352 348.804
29360 330.611
29368 312.001
29376 292.978
29384 273.545
29392 253.705
29400 233.463
29408 212.821
29416 191.785
29424 170.358
29432 148.545
29440 126.352
29448 103.784
29456 80.8463
29464 57.5448
29472 33.8857
29480 9.87541
29488 -14.4792
29496 -39.1712
29504 -64.1932
29512 -89.5377
29520 -115.197
29528 -141.162
29536 -167.425
29544 -193.977
29552 -220.809
29560 -247.911
29568 -275.274
29576 -302.888
29584 -330.743
29592 -358.827
29600 -387.13
29608 -415.641
29616 -444.348
29624 -473.24
29632 -502.304
29640 -531.528
29648 -560.899
29656 -590.404
29664 -620.03
29672 -649.763
29680 -679.59
29688 -709.495
29696 -739.466
29704 -769.486
29712 -799.54
29720 -829.615
29728 -859.693
29736 -889.758
29744 -919.796
29752 -949.788
29760 -979.719
29768 -1009.57
29776 -1039.33
29784 -1068.97
29792 -1098.48
29800 -1127.84
29808 -1157.04
29816 -1186.05
29824 -1214.85
29832 -1243.43
29840 -1271.76
29848 -1299.84
29856 -1327.62
29864 -1355.11
29872 -1382.28
29880 -1409.1
29888 -1435.55
29896 -1461.63
29904 -1487.29
29912 -1512.53
29920 -1537.32
29928 -1561.65
29936 -1585.48
29944 -1608.8
29952 -1631.58
29960 -1653.81
29968 -1675.46
29976 -1696.5
29984 -1716.92
29992 -1736.7
30000 -1755.81
30008 -1774.22
30016 -1791.92
30024 -1808.89
30032 -1825.09
30040 -1840.51
30048 -1855.13
30056 -1868.91
30064 -1881.84
30072 -1893.9
30080 -1905.06
30088 -1915.3
30096 -1924.59
30104 -1932.92
30112 -1940.26
30120 -1946.59
30128 -1951.87
30136 -1956.11
30144 -1959.26
30152 -1961.31
30160 -1962.23
30168 -1962.01
30176 -1960.61
30184 -1958.03
30192 -1954.23
30200 -1949.2
30208 -1942.92
30216 -1935.35
30224 -1926.5
30232 -1916.32
30240 -1904.81
30248 -1891.94
30256 -1877.69
30264 -1862.05
30272 -1844.99
30280 -1826.5
30288 -1806.55
30296 -1785.14
30304 -1762.24
30312 -1737.84
30320 -1711.91
30328 -1684.45
30336 -1655.43
30344 -1624.85
30352 -1592.69
30360 -1558.93
30368 -1523.56
30376 -1486.56
30384 -1447.93
30392 -1407.65
30400 -1365.72
30408 -1322.11
30416 -1276.82
30424 -1229.85
30432 -1181.17
30440 -1130.79
30448 -1078.7
30456 -1024.89
30464 -969.349
30472 -912.079
30480 -853.073
30488 -792.328
30496 -729.842
30504 -665.611
30512 -599.636
30520 -531.916
30528 -462.452
30536 -391.245
30544 -318.298
30552 -243.615
30560 -167.199
30568 -89.0555
30576 -9.19179
30584 72.3852
30592 155.667
30600 240.645
30608 327.307
30616 415.643
30624 505.64
30632 597.284
30640 690.56
30648 785.453
30656 881.945
30664 980.018
30672 1079.65
30680 1180.83
30688 1283.52
30696 1387.71
30704 1493.38
30712 1600.48
30720 1709.01
30728 1818.93
30736 1930.21
30744 2042.82
30752 2156.73
30760 2271.91
30768 2388.32
30776 2505.92
30784 2624.68
30792 2744.56
30800 2865.52
30808 2987.51
30816 3110.51
30824 3234.45
30832 3359.29
30840 3485
30848 3611.51
30856 3738.79
30864 3866.77
30872 3995.41
30880 4124.64
30888 4254.43
30896 4384.7
30904 4515.41
30912 4646.48
30920 4777.86
30928 4909.49
30936 5041.3
30944 5173.23
30952 5305.2
30960 5437.16
30968 5569.02
30976 5700.73
30984 5832.2
30992 5963.36
31000 6094.14
31008 6224.45
31016 6354.23
31024 6483.39
31032 6611.85
31040 6739.52
31048 6866.33
31056 6992.18
31064 7116.99
31072 7240.68
31080 7363.15
31088 7484.31
31096 7604.08
31104 7722.35
31112 7839.04
31120 7954.04
31128 8067.27
31136 8178.62
31144 8288
31152 8395.3
31160 8500.43
31168 8603.28
31176 8703.75
31184 8801.73
31192 8897.12
31200 8989.82
31208 9079.71
31216 9166.7
31224 9250.66
31232 9331.5
31240 9409.1
31248 9483.34
31256 9554.13
31264 9621.34
31272 9684.87
31280 9744.6
31288 9800.42
31296 9852.21
31304 9899.86
31312 9943.25
31320 9982.27
31328 10016.8
31336 10046.7
31344 10071.9
31352 10092.3
31360 10107.8
31368 10118.1
31376 10123.3
31384 10123.2
31392 10117.7
31400 10106.6
31408 10089.9
31416 10067.4
31424 10039.1
31432 10004.8
31440 9964.41
31448 9917.8
31456 9864.86
31464 9805.5
31472 9739.6
31480 9667.06
31488 9587.76
31496 9501.6
31504 9408.47
31512 9308.27
31520 9200.91
31528 9086.27
31536 8964.26
31544 8834.78
31552 8697.74
31560 8553.05
31568 8400.6
31576 8240.31
31584 8072.1
31592 7895.88
31600 7711.56
31608 7519.07
31616 7318.32
31624 7109.24
31632 6891.76
31640 6665.81
31648 6431.32
31656 6188.23
31664 5936.47
31672 5675.99
31680 5406.73
31688 5128.65
31696 4841.69
31704 4545.82
31712 4240.99
31720 3927.16
31728 3604.31
31736 3272.41
31744 2931.43
31752 2581.35
31760 2222.16
31768 1853.85
31776 1476.41
31784 1089.85
31792 694.161
31800 289.359
31808 -124.543
31816 -547.525
31824 -979.563
31832 -1420.63
31840 -1870.68
31848 -2329.68
31856 -2797.58
31864 -3274.32
31872 -3759.85
31880 -4254.1
31888 -4757
31896 -5268.47
31904 -5788.42
31912 -6316.76
31920 -6853.4
31928 -7398.23
31936 -7951.13
31944 -8511.99
31952 -9080.68
31960 -9657.06
31968 -10241
31976 -10832.3
31984 -11430.9
31992 -12036.6
32000 -12649.2
32008 -13268.5
32016 -13894.4
32024 -14526.6
32032 -15164.9
32040 -15809.2
32048 -16459.2
32056 -17114.6
32064 -17775.3
32072 -18441
32080 -19111.4
32088 -19786.3
32096 -20465.3
32104 -21148.3
32112 -21834.9
32120 -22524.8
32128 -23217.8
32136 -23913.4
32144 -24611.3
32152 -25311.3
32160 -26013
32168 -26715.9
32176 -27419.8
32184 -28124.3
32192 -28828.9
32200 -29533.3
32208 -30237.1
32216 -30939.9
32224 -31641.2
32232 -32340.5
32240 -33037.6
32248 -33731.8
32256 -34422.7
32264 -35109.9
32272 -35792.9
32280 -36471.2
32288 -37144.2
32296 -37811.4
32304 -38472.4
32312 -39126.6
32320 -39773.4
32328 -40412.3
32336 -41042.8
32344 -41664.2
32352 -42276
32360 -42877.5
32368 -43468.3
32376 -44047.6
32384 -44614.8
32392 -45169.4
32400 -45710.7
32408 -46238
32416 -46750.7
32424 -47248.1
32432 -47729.5
32440 -48194.3
32448 -48641.8
32456 -49071.3
32464 -49482
32472 -49873.3
32480 -50244.4
32488 -50594.7
32496 -50923.3
32504 -51229.6
32512 -51512.7
32520 -51772
32528 -52006.7
32536 -52215.9
32544 -52399.1
32552 -52555.2
32560 -52683.7
32568 -52783.6
32576 -52854.3
32584 -52894.8
32592 -52904.5
32600 -52882.4
32608 -52827.9
32616 -52740
32624 -52618.1
32632 -52461.2
32640 -52268.6
32648 -52039.4
32656 -51772.8
32664 -51468
32672 -51124.3
32680 -50740.7
32688 -50316.5
32696 -49850.9
32704 -49343
32712 -48792
32720 -48197.2
32728 -47557.7
32736 -46872.8
32744 -46141.6
32752 -45363.4
32760 -44537.4
32768 -43662.8
32776 -42738.8
32784 -41764.7
32792 -40739.8
32800 -39663.3
32808 -38534.5
32816 -37352.6
32824 -36117
32832 -34826.9
32840 -33481.7
32848 -32080.8
32856 -30623.3
32864 -29108.8
32872 -27536.6
32880 -25906
32888 -24216.6
32896 -22467.7
32904 -20658.7
32912 -18789.2
32920 -16858.6
32928 -14866.4
32936 -12812.2
32944 -10695.6
32952 -8516.05
32960 -6273.22
32968 -3966.75
32976 -1596.29
32984 838.471
32992 3337.81
33000 5901.98
33008 8531.19
33016 11225.6
33024 13985.5
33032 16810.8
33040 19701.8
33048 22658.4
33056 25680.6
33064 28768.4
33072 31921.8
33080 35140.7
33088 38424.8
33096 41774
33104 45188
33112 48666.6
33120 52209.4
33128 55816.1
33136 59486.2
33144 63219.2
33152 67014.6
33160 70871.8
33168 74790.2
33176 78769
33184 82807.6
33192 86905.1
33200 91060.6
33208 95273.3
33216 99542.1
33224 103866
33232 108244
33240 112674
33248 117156
33256 121689
33264 126270
33272 130898
33280 135573
33288 140291
33296 145052
33304 149854
33312 154695
33320 159573
33328 164487
33336 169433
33344 174410
33352 179416
33360 184448
33368 189504
33376 194582
33384 199678
33392 204791
33400 209917
33408 215055
33416 220199
33424 225349
33432 230500
33440 235650
33448 240795
33456 245931
33464 251056
33472 256166
33480 261256
33488 266324
33496 271365
33504 276375
33512 281350
33520 286287
33528 291180
33536 296025
33544 300818
33552 305554
33560 310229
33568 314837
33576 319374
33584 323834
33592 328213
33600 332505
33608 336705
33616 340808
33624 344807
33632 348697
33640 352472
33648 356127
33656 359655
33664 363050
33672 366306
33680 369417
33688 372376
33696 375177
33704 377813
33712 380277
33720 382563
33728 384663
33736 386570
33744 388277
33752 389778
33760 391064
33768 392128
33776 392963
33784 393560
33792 393913
33800 394013
33808 393853
33816 393424
33824 392719
33832 391728
33840 390445
33848 388860
33856 386966
33864 384753
33872 382214
33880 379339
33888 376120
33896 372549
33904 368616
33912 364312
33920 359630
33928 354560
33936 349092
33944 343219
33952 336930
33960 330218
33968 323073
33976 315485
33984 307446
33992 298948
34000 289979
34008 280533
34016 270599
34024 260168
34032 249232
34040 237782
34048 225808
34056 213302
34064 200256
34072 186659
34080 172504
34088 157782
34096 142484
34104 126602
34112 110128
34120 93053.4
34128 75370.2
34136 57070.5
34144 38146.4
34152 18590.3
34160 -1605.23
34168 -22447.6
34176 -43943.9
34184 -66101.1
34192 -88925.9
34200 -112425
34208 -136604
34216 -161470
34224 -187028
34232 -213283
34240 -240242
34248 -267909
34256 -296288
34264 -325384
34272 -355200
34280 -385742
34288 -417010
34296 -449010
34304 -481742
34312 -515210
34320 -549415
34328 -584357
34336 -620038
34344 -656458
34352 -693617
34360 -731514
34368 -770147
34376 -809516
34384 -849617
34392 -890447
34400 -932003
34408 -974281
34416 -1.01728e+06
34424 -1.06098e+06
34432 -1.10539e+06
34440 -1.1505e+06
34448 -1.1963e+06
34456 -1.24278e+06
34464 -1.28993e+06
34472 -1.33775e+06
34480 -1.38622e+06
34488 -1.43533e+06
34496 -1.48507e+06
34504 -1.53542e+06
34512 -1.58637e+06
34520 -1.6379e+06
34528 -1.69001e+06
34536 -1.74267e+06
34544 -1.79586e+06
34552 -1.84956e+06
34560 -1.90376e+06
34568 -1.95843e+06
34576 -2.01355e+06
34584 -2.06909e+06
34592 -2.12504e+06
34600 -2.18136e+06
34608 -2.23803e+06
34616 -2.29503e+06
34624 -2.35231e+06
34632 -2.40985e+06
34640 -2.46761e+06
34648 -2.52557e+06
34656 -2.58369e+06
34664 -2.64193e+06
34672 -2.70026e+06
34680 -2.75862e+06
34688 -2.81699e+06
34696 -2.87532e+06
34704 -2.93357e+06
34712 -2.99169e+06
34720 -3.04963e+06
34728 -3.10735e+06
34736 -3.1648e+06
34744 -3.22191e+06
34752 -3.27864e+06
34760 -3.33494e+06
34768 -3.39074e+06
34776 -3.44599e+06
34784 -3.50062e+06
34792 -3.55458e+06
34800 -3.60779e+06
34808 -3.66019e+06
34816 -3.71171e+06
34824 -3.76228e+06
34832 -3.81183e+06
34840 -3.86028e+06
34848 -3.90756e+06
34856 -3.95358e+06
34864 -3.99827e+06
34872 -4.04155e+06
34880 -4.08331e+06
34888 -4.12349e+06
34896 -4.16199e+06
34904 -4.19871e+06
34912 -4.23357e+06
34920 -4.26646e+06
34928 -4.29728e+06
34936 -4.32595e+06
34944 -4.35234e+06
34952 -4.37636e+06
34960 -4.3979e+06
34968 -4.41684e+06
34976 -4.43307e+06
34984 -4.44649e+06
34992 -4.45696e+06
35000 -4.46436e+06
35008 -4.46859e+06
35016 -4.4695e+06
35024 -4.46697e+06
35032 -4.46087e+06
35040 -4.45107e+06
35048 -4.43743e+06
35056 -4.41981e+06
35064 -4.39807e+06
35072 -4.37208e+06
35080 -4.34167e+06
35088 -4.30671e+06
35096 -4.26704e+06
35104 -4.22252e+06
35112 -4.17297e+06
35120 -4.11825e+06
35128 -4.0582e+06
35136 -3.99265e+06
35144 -3.92143e+06
35152 -3.84438e+06
35160 -3.76133e+06
35168 -3.67211e+06
35176 -3.57653e+06
35184 -3.47442e+06
35192 -3.36561e+06
35200 -3.2499e+06
35208 -3.12712e+06
35216 -2.99708e+06
35224 -2.85959e+06
35232 -2.71447e+06
35240 -2.56151e+06
35248 -2.40053e+06
35256 -2.23132e+06
35264 -2.0537e+06
35272 -1.86746e+06
35280 -1.6724e+06
35288 -1.46832e+06
35296 -1.25502e+06
35304 -1.03229e+06
35312 -799917
35320 -557705
35328 -305441
35336 -42917.6
35344 230076
35352 513750
35360 808315
35368 1.11398e+06
35376 1.43096e+06
35384 1.75947e+06
35392 2.09971e+06
35400 2.45189e+06
35408 2.81624e+06
35416 3.19295e+06
35424 3.58223e+06
35432 3.98429e+06
35440 4.39934e+06
35448 4.82758e+06
35456 5.26922e+06
35464 5.72445e+06
35472 6.19346e+06
35480 6.67647e+06
35488 7.17366e+06
35496 7.68521e+06
35504 8.21132e+06
35512 8.75216e+06
35520 9.30792e+06
35528 9.87876e+06
35536 1.04649e+07
35544 1.10664e+07
35552 1.16835e+07
35560 1.23163e+07
35568 1.2965e+07
35576 1.36297e+07
35584 1.43106e+07
35592 1.50077e+07
35600 1.57212e+07
35608 1.64512e+07
35616 1.71978e+07
35624 1.7961e+07
35632 1.8741e+07
35640 1.95379e+07
35648 2.03516e+07
35656 2.11823e+07
35664 2.20299e+07
35672 2.28944e+07
35680 2.3776e+07
35688 2.46745e+07
35696 2.559e+07
35704 2.65224e+07
35712 2.74716e+07
35720 2.84377e+07
35728 2.94204e+07
35736 3.04196e+07
35744 3.14354e+07
35752 3.24674e+07
35760 3.35156e+07
35768 3.45796e+07
35776 3.56594e+07
35784 3.67547e+07
35792 3.78652e+07
35800 3.89906e+07
35808 4.01306e+07
35816 4.12848e+07
35824 4.24529e+07
35832 4.36344e+07
35840 4.4829e+07
35848 4.60361e+07
35856 4.72552e+07
35864 4.84859e+07
35872 4.97274e+07
35880 5.09793e+07
35888 5.22408e+07
35896 5.35112e+07
35904 5.47898e+07
35912 5.60759e+07
35920 5.73685e+07
35928 5.86668e+07
35936 5.997e+07
35944 6.12769e+07
35952 6.25866e+07
35960 6.3898e+07
35968 6.52099e+07
35976 6.65212e+07
35984 6.78306e+07
35992 6.91368e+07
36000 7.04384e+07
36008 7.17339e+07
36016 7.30219e+07
36024 7.43008e+07
36032 7.55688e+07
36040 7.68243e+07
36048 7.80654e+07
36056 7.92904e+07
36064 8.04971e+07
36072 8.16835e+07
36080 8.28476e+07
36088 8.3987e+07
36096 8.50995e+07
36104 8.61826e+07
36112 8.72337e+07
36120 8.82504e+07
36128 8.92298e+07
36136 9.01692e+07
36144 9.10655e+07
36152 9.19158e+07
36160 9.27168e+07
36168 9.34652e+07
36176 9.41577e+07
36184 9.47907e+07
36192 9.53605e+07
36200 9.58633e+07
36208 9.62951e+07
36216 9.66518e+07
36224 9.69293e+07
36232 9.7123e+07
36240 9.72284e+07
36248 9.72409e+07
36256 9.71555e+07
36264 9.69672e+07
36272 9.66708e+07
36280 9.62608e+07
36288 9.57317e+07
36296 9.50777e+07
36304 9.42928e+07
36312 9.33708e+07
36320 9.23054e+07
36328 9.109e+07
36336 8.97178e+07
36344 8.81817e+07
36352 8.64745e+07
36360 8.45887e+07
36368 8.25166e+07
36376 8.02501e+07
36384 7.77812e+07
36392 7.51012e+07
36400 7.22014e+07
36408 6.90728e+07
36416 6.5706e+07
36424 6.20915e+07
36432 5.82194e+07
36440 5.40794e+07
36448 4.9661e+07
36456 4.49535e+07
36464 3.99456e+07
36472 3.46259e+07
36480 2.89825e+07
36488 2.30031e+07
36496 1.66754e+07
36504 9.98621e+06
36512 2.92237e+06
